{"totalAnimationFrames":60,"animationMatrixPath":"","name":"Creeper","topLevelComponents":[{"id":11,"translation":{"memory":[0,0,0,0]},"rotationRad":{"memory":[0,0,0,0]},"scale":{"memory":[1,1,1,1]},"name":"Body","children":[{"id":6,"translation":{"memory":[0,0,0,0]},"rotationRad":{"memory":[0,0,0,0]},"scale":{"memory":[1,1,1,1]},"name":"Head","positionArray":[{"memory":[84.00000000000001,270,84.00000000000001,1]},{"memory":[-84.00000000000001,270,84.00000000000001,1]},{"memory":[-84.00000000000001,102.00000000000001,84.00000000000001,1]},{"memory":[84.00000000000001,270,84.00000000000001,1]},{"memory":[-84.00000000000001,102.00000000000001,84.00000000000001,1]},{"memory":[84.00000000000001,102.00000000000001,84.00000000000001,1]},{"memory":[84.00000000000001,270,-84.00000000000001,1]},{"memory":[-84.00000000000001,102.00000000000001,-84.00000000000001,1]},{"memory":[-84.00000000000001,270,-84.00000000000001,1]},{"memory":[84.00000000000001,270,-84.00000000000001,1]},{"memory":[84.00000000000001,102.00000000000001,-84.00000000000001,1]},{"memory":[-84.00000000000001,102.00000000000001,-84.00000000000001,1]},{"memory":[-84.00000000000001,270,-84.00000000000001,1]},{"memory":[-84.00000000000001,102.00000000000001,-84.00000000000001,1]},{"memory":[-84.00000000000001,270,84.00000000000001,1]},{"memory":[-84.00000000000001,102.00000000000001,-84.00000000000001,1]},{"memory":[-84.00000000000001,102.00000000000001,84.00000000000001,1]},{"memory":[-84.00000000000001,270,84.00000000000001,1]},{"memory":[84.00000000000001,270,-84.00000000000001,1]},{"memory":[84.00000000000001,102.00000000000001,84.00000000000001,1]},{"memory":[84.00000000000001,102.00000000000001,-84.00000000000001,1]},{"memory":[84.00000000000001,270,-84.00000000000001,1]},{"memory":[84.00000000000001,270,84.00000000000001,1]},{"memory":[84.00000000000001,102.00000000000001,84.00000000000001,1]},{"memory":[84.00000000000001,270,-84.00000000000001,1]},{"memory":[-84.00000000000001,270,-84.00000000000001,1]},{"memory":[-84.00000000000001,270,84.00000000000001,1]},{"memory":[84.00000000000001,270,-84.00000000000001,1]},{"memory":[-84.00000000000001,270,84.00000000000001,1]},{"memory":[84.00000000000001,270,84.00000000000001,1]},{"memory":[84.00000000000001,102.00000000000001,-84.00000000000001,1]},{"memory":[84.00000000000001,102.00000000000001,84.00000000000001,1]},{"memory":[-84.00000000000001,102.00000000000001,-84.00000000000001,1]},{"memory":[84.00000000000001,102.00000000000001,84.00000000000001,1]},{"memory":[-84.00000000000001,102.00000000000001,84.00000000000001,1]},{"memory":[-84.00000000000001,102.00000000000001,-84.00000000000001,1]}],"texCoordArray":[{"memory":[0.25396825396825395,0.12698412698412698]},{"memory":[0.12698412698412698,0.12698412698412698]},{"memory":[0.12698412698412698,0.23809523809523808]},{"memory":[0.25396825396825395,0.12698412698412698]},{"memory":[0.12698412698412698,0.23809523809523808]},{"memory":[0.25396825396825395,0.23809523809523808]},{"memory":[0.36507936507936506,0.015873015873015872]},{"memory":[0.25396825396825395,0.1111111111111111]},{"memory":[0.25396825396825395,0.015873015873015872]},{"memory":[0.36507936507936506,0.015873015873015872]},{"memory":[0.36507936507936506,0.1111111111111111]},{"memory":[0.25396825396825395,0.1111111111111111]},{"memory":[0.1111111111111111,0.12698412698412698]},{"memory":[0.1111111111111111,0.23809523809523808]},{"memory":[0.015873015873015872,0.12698412698412698]},{"memory":[0.1111111111111111,0.23809523809523808]},{"memory":[0.015873015873015872,0.23809523809523808]},{"memory":[0.015873015873015872,0.12698412698412698]},{"memory":[0.36507936507936506,0.12698412698412698]},{"memory":[0.25396825396825395,0.23809523809523808]},{"memory":[0.25396825396825395,0.12698412698412698]},{"memory":[0.36507936507936506,0.12698412698412698]},{"memory":[0.36507936507936506,0.23809523809523808]},{"memory":[0.25396825396825395,0.23809523809523808]},{"memory":[0.2222222222222222,0.015873015873015872]},{"memory":[0.12698412698412698,0.015873015873015872]},{"memory":[0.12698412698412698,0.1111111111111111]},{"memory":[0.2222222222222222,0.015873015873015872]},{"memory":[0.12698412698412698,0.1111111111111111]},{"memory":[0.2222222222222222,0.1111111111111111]},{"memory":[0.2222222222222222,0.015873015873015872]},{"memory":[0.2222222222222222,0.1111111111111111]},{"memory":[0.12698412698412698,0.015873015873015872]},{"memory":[0.2222222222222222,0.1111111111111111]},{"memory":[0.12698412698412698,0.1111111111111111]},{"memory":[0.12698412698412698,0.015873015873015872]}],"animationMatrix":[{"memory":[1,0,0,0,0,1,0,0,0,0,1,0,0,0,0,1]},{"memory":[0.9945218953682733,0,-0.10452846326765346,0,0,1,0,0,0.10452846326765346,0,0.9945218953682733,0,0,0,0,1]},{"memory":[0.9781476007338057,0,-0.20791169081775931,0,0,1,0,0,0.20791169081775931,0,0.9781476007338057,0,0,0,0,1]},{"memory":[0.9510565162951535,0,-0.3090169943749474,0,0,1,0,0,0.3090169943749474,0,0.9510565162951535,0,0,0,0,1]},{"memory":[0.9135454576426009,0,-0.40673664307580015,0,0,1,0,0,0.40673664307580015,0,0.9135454576426009,0,0,0,0,1]},{"memory":[0.8660254037844387,0,-0.49999999999999994,0,0,1,0,0,0.49999999999999994,0,0.8660254037844387,0,0,0,0,1]},{"memory":[0.8090169943749475,0,-0.5877852522924731,0,0,1,0,0,0.5877852522924731,0,0.8090169943749475,0,0,0,0,1]},{"memory":[0.7431448254773942,0,-0.6691306063588582,0,0,1,0,0,0.6691306063588582,0,0.7431448254773942,0,0,0,0,1]},{"memory":[0.6691306063588582,0,-0.7431448254773942,0,0,1,0,0,0.7431448254773942,0,0.6691306063588582,0,0,0,0,1]},{"memory":[0.5877852522924731,0,-0.8090169943749475,0,0,1,0,0,0.8090169943749475,0,0.5877852522924731,0,0,0,0,1]},{"memory":[0.5000000000000001,0,-0.8660254037844386,0,0,1,0,0,0.8660254037844386,0,0.5000000000000001,0,0,0,0,1]},{"memory":[0.4067366430758004,0,-0.9135454576426009,0,0,1,0,0,0.9135454576426009,0,0.4067366430758004,0,0,0,0,1]},{"memory":[0.30901699437494745,0,-0.9510565162951535,0,0,1,0,0,0.9510565162951535,0,0.30901699437494745,0,0,0,0,1]},{"memory":[0.20791169081775923,0,-0.9781476007338057,0,0,1,0,0,0.9781476007338057,0,0.20791169081775923,0,0,0,0,1]},{"memory":[0.10452846326765346,0,-0.9945218953682733,0,0,1,0,0,0.9945218953682733,0,0.10452846326765346,0,0,0,0,1]},{"memory":[6.123233995736766e-17,0,-1,0,0,1,0,0,1,0,6.123233995736766e-17,0,0,0,0,1]},{"memory":[-0.10452846326765333,0,-0.9945218953682734,0,0,1,0,0,0.9945218953682734,0,-0.10452846326765333,0,0,0,0,1]},{"memory":[-0.20791169081775912,0,-0.9781476007338057,0,0,1,0,0,0.9781476007338057,0,-0.20791169081775912,0,0,0,0,1]},{"memory":[-0.30901699437494734,0,-0.9510565162951536,0,0,1,0,0,0.9510565162951536,0,-0.30901699437494734,0,0,0,0,1]},{"memory":[-0.40673664307580004,0,-0.913545457642601,0,0,1,0,0,0.913545457642601,0,-0.40673664307580004,0,0,0,0,1]},{"memory":[-0.4999999999999998,0,-0.8660254037844387,0,0,1,0,0,0.8660254037844387,0,-0.4999999999999998,0,0,0,0,1]},{"memory":[-0.587785252292473,0,-0.8090169943749475,0,0,1,0,0,0.8090169943749475,0,-0.587785252292473,0,0,0,0,1]},{"memory":[-0.6691306063588579,0,-0.7431448254773945,0,0,1,0,0,0.7431448254773945,0,-0.6691306063588579,0,0,0,0,1]},{"memory":[-0.7431448254773944,0,-0.669130606358858,0,0,1,0,0,0.669130606358858,0,-0.7431448254773944,0,0,0,0,1]},{"memory":[-0.8090169943749473,0,-0.5877852522924732,0,0,1,0,0,0.5877852522924732,0,-0.8090169943749473,0,0,0,0,1]},{"memory":[-0.8660254037844387,0,-0.49999999999999994,0,0,1,0,0,0.49999999999999994,0,-0.8660254037844387,0,0,0,0,1]},{"memory":[-0.913545457642601,0,-0.40673664307580004,0,0,1,0,0,0.40673664307580004,0,-0.913545457642601,0,0,0,0,1]},{"memory":[-0.9510565162951535,0,-0.3090169943749475,0,0,1,0,0,0.3090169943749475,0,-0.9510565162951535,0,0,0,0,1]},{"memory":[-0.9781476007338057,0,-0.20791169081775931,0,0,1,0,0,0.20791169081775931,0,-0.9781476007338057,0,0,0,0,1]},{"memory":[-0.9945218953682733,0,-0.10452846326765373,0,0,1,0,0,0.10452846326765373,0,-0.9945218953682733,0,0,0,0,1]},{"memory":[-1,0,-1.2246467991473532e-16,0,0,1,0,0,1.2246467991473532e-16,0,-1,0,0,0,0,1]},{"memory":[-0.9945218953682733,0,0.1045284632676535,0,0,1,0,0,-0.1045284632676535,0,-0.9945218953682733,0,0,0,0,1]},{"memory":[-0.9781476007338057,0,0.20791169081775907,0,0,1,0,0,-0.20791169081775907,0,-0.9781476007338057,0,0,0,0,1]},{"memory":[-0.9510565162951535,0,0.30901699437494773,0,0,1,0,0,-0.30901699437494773,0,-0.9510565162951535,0,0,0,0,1]},{"memory":[-0.9135454576426011,0,0.4067366430757998,0,0,1,0,0,-0.4067366430757998,0,-0.9135454576426011,0,0,0,0,1]},{"memory":[-0.8660254037844386,0,0.5000000000000001,0,0,1,0,0,-0.5000000000000001,0,-0.8660254037844386,0,0,0,0,1]},{"memory":[-0.8090169943749476,0,0.587785252292473,0,0,1,0,0,-0.587785252292473,0,-0.8090169943749476,0,0,0,0,1]},{"memory":[-0.7431448254773942,0,0.6691306063588582,0,0,1,0,0,-0.6691306063588582,0,-0.7431448254773942,0,0,0,0,1]},{"memory":[-0.6691306063588585,0,0.743144825477394,0,0,1,0,0,-0.743144825477394,0,-0.6691306063588585,0,0,0,0,1]},{"memory":[-0.5877852522924732,0,0.8090169943749473,0,0,1,0,0,-0.8090169943749473,0,-0.5877852522924732,0,0,0,0,1]},{"memory":[-0.5000000000000004,0,0.8660254037844384,0,0,1,0,0,-0.8660254037844384,0,-0.5000000000000004,0,0,0,0,1]},{"memory":[-0.4067366430758001,0,0.913545457642601,0,0,1,0,0,-0.913545457642601,0,-0.4067366430758001,0,0,0,0,1]},{"memory":[-0.30901699437494756,0,0.9510565162951535,0,0,1,0,0,-0.9510565162951535,0,-0.30901699437494756,0,0,0,0,1]},{"memory":[-0.2079116908177598,0,0.9781476007338056,0,0,1,0,0,-0.9781476007338056,0,-0.2079116908177598,0,0,0,0,1]},{"memory":[-0.10452846326765423,0,0.9945218953682733,0,0,1,0,0,-0.9945218953682733,0,-0.10452846326765423,0,0,0,0,1]},{"memory":[-1.8369701987210297e-16,0,1,0,0,1,0,0,-1,0,-1.8369701987210297e-16,0,0,0,0,1]},{"memory":[0.10452846326765387,0,0.9945218953682733,0,0,1,0,0,-0.9945218953682733,0,0.10452846326765387,0,0,0,0,1]},{"memory":[0.20791169081775943,0,0.9781476007338056,0,0,1,0,0,-0.9781476007338056,0,0.20791169081775943,0,0,0,0,1]},{"memory":[0.30901699437494723,0,0.9510565162951536,0,0,1,0,0,-0.9510565162951536,0,0.30901699437494723,0,0,0,0,1]},{"memory":[0.40673664307579976,0,0.9135454576426011,0,0,1,0,0,-0.9135454576426011,0,0.40673664307579976,0,0,0,0,1]},{"memory":[0.5000000000000001,0,0.8660254037844386,0,0,1,0,0,-0.8660254037844386,0,0.5000000000000001,0,0,0,0,1]},{"memory":[0.5877852522924729,0,0.8090169943749476,0,0,1,0,0,-0.8090169943749476,0,0.5877852522924729,0,0,0,0,1]},{"memory":[0.6691306063588585,0,0.743144825477394,0,0,1,0,0,-0.743144825477394,0,0.6691306063588585,0,0,0,0,1]},{"memory":[0.7431448254773937,0,0.6691306063588588,0,0,1,0,0,-0.6691306063588588,0,0.7431448254773937,0,0,0,0,1]},{"memory":[0.8090169943749473,0,0.5877852522924734,0,0,1,0,0,-0.5877852522924734,0,0.8090169943749473,0,0,0,0,1]},{"memory":[0.8660254037844384,0,0.5000000000000004,0,0,1,0,0,-0.5000000000000004,0,0.8660254037844384,0,0,0,0,1]},{"memory":[0.913545457642601,0,0.40673664307580015,0,0,1,0,0,-0.40673664307580015,0,0.913545457642601,0,0,0,0,1]},{"memory":[0.9510565162951535,0,0.3090169943749477,0,0,1,0,0,-0.3090169943749477,0,0.9510565162951535,0,0,0,0,1]},{"memory":[0.9781476007338056,0,0.20791169081775987,0,0,1,0,0,-0.20791169081775987,0,0.9781476007338056,0,0,0,0,1]},{"memory":[0.9945218953682733,0,0.1045284632676543,0,0,1,0,0,-0.1045284632676543,0,0.9945218953682733,0,0,0,0,1]}]},{"id":7,"translation":{"memory":[0,0,0,0]},"rotationRad":{"memory":[0,0,0,0]},"scale":{"memory":[1,1,1,1]},"name":"Front Left Leg","positionArray":[{"memory":[84.00000000000001,-150,126,1]},{"memory":[0,-150,126,1]},{"memory":[0,-276,126,1]},{"memory":[84.00000000000001,-150,126,1]},{"memory":[0,-276,126,1]},{"memory":[84.00000000000001,-276,126,1]},{"memory":[84.00000000000001,-150,42.00000000000001,1]},{"memory":[0,-276,42.00000000000001,1]},{"memory":[0,-150,42.00000000000001,1]},{"memory":[84.00000000000001,-150,42.00000000000001,1]},{"memory":[84.00000000000001,-276,42.00000000000001,1]},{"memory":[0,-276,42.00000000000001,1]},{"memory":[0,-150,42.00000000000001,1]},{"memory":[0,-276,42.00000000000001,1]},{"memory":[0,-150,126,1]},{"memory":[0,-276,42.00000000000001,1]},{"memory":[0,-276,126,1]},{"memory":[0,-150,126,1]},{"memory":[84.00000000000001,-150,42.00000000000001,1]},{"memory":[84.00000000000001,-276,126,1]},{"memory":[84.00000000000001,-276,42.00000000000001,1]},{"memory":[84.00000000000001,-150,42.00000000000001,1]},{"memory":[84.00000000000001,-150,126,1]},{"memory":[84.00000000000001,-276,126,1]},{"memory":[84.00000000000001,-150,42.00000000000001,1]},{"memory":[0,-150,42.00000000000001,1]},{"memory":[0,-150,126,1]},{"memory":[84.00000000000001,-150,42.00000000000001,1]},{"memory":[0,-150,126,1]},{"memory":[84.00000000000001,-150,126,1]},{"memory":[84.00000000000001,-276,42.00000000000001,1]},{"memory":[84.00000000000001,-276,126,1]},{"memory":[0,-276,42.00000000000001,1]},{"memory":[84.00000000000001,-276,126,1]},{"memory":[0,-276,126,1]},{"memory":[0,-276,42.00000000000001,1]}],"texCoordArray":[{"memory":[0.015873015873015872,0.31746031746031744]},{"memory":[0.015873015873015872,0.3968253968253968]},{"memory":[0.30158730158730157,0.3968253968253968]},{"memory":[0.015873015873015872,0.31746031746031744]},{"memory":[0.30158730158730157,0.3968253968253968]},{"memory":[0.30158730158730157,0.31746031746031744]},{"memory":[0.015873015873015872,0.31746031746031744]},{"memory":[0.30158730158730157,0.3968253968253968]},{"memory":[0.015873015873015872,0.3968253968253968]},{"memory":[0.015873015873015872,0.31746031746031744]},{"memory":[0.30158730158730157,0.31746031746031744]},{"memory":[0.30158730158730157,0.3968253968253968]},{"memory":[0.015873015873015872,0.31746031746031744]},{"memory":[0.30158730158730157,0.31746031746031744]},{"memory":[0.015873015873015872,0.3968253968253968]},{"memory":[0.30158730158730157,0.31746031746031744]},{"memory":[0.30158730158730157,0.3968253968253968]},{"memory":[0.015873015873015872,0.3968253968253968]},{"memory":[0.015873015873015872,0.31746031746031744]},{"memory":[0.30158730158730157,0.3968253968253968]},{"memory":[0.30158730158730157,0.31746031746031744]},{"memory":[0.015873015873015872,0.31746031746031744]},{"memory":[0.015873015873015872,0.3968253968253968]},{"memory":[0.30158730158730157,0.3968253968253968]},{"memory":[0.015873015873015872,0.31746031746031744]},{"memory":[0.015873015873015872,0.3968253968253968]},{"memory":[0.30158730158730157,0.3968253968253968]},{"memory":[0.015873015873015872,0.31746031746031744]},{"memory":[0.30158730158730157,0.3968253968253968]},{"memory":[0.30158730158730157,0.31746031746031744]},{"memory":[0.015873015873015872,0.31746031746031744]},{"memory":[0.30158730158730157,0.31746031746031744]},{"memory":[0.015873015873015872,0.3968253968253968]},{"memory":[0.30158730158730157,0.31746031746031744]},{"memory":[0.30158730158730157,0.3968253968253968]},{"memory":[0.015873015873015872,0.3968253968253968]}],"animationMatrix":[{"memory":[1,0,0,0,0,1,0,0,0,0,1,0,0,0,0,1]},{"memory":[1,0,0,0,0,0.9996573249755573,-0.02617694830787315,0,0,0.02617694830787315,0.9996573249755573,0,0,1.1508330825970745,3.9121498951543785,1]},{"memory":[1,0,0,0,0,0.9986295347545738,-0.05233595624294383,0,0,0.05233595624294383,0.9986295347545738,0,0,2.4036799490175724,7.792833896133672,1]},{"memory":[1,0,0,0,0,0.996917333733128,-0.07845909572784494,0,0,0.07845909572784494,0.996917333733128,0,0,3.75768196060028,11.639392375968121,1]},{"memory":[1,0,0,0,0,0.9945218953682733,-0.10452846326765346,0,0,0.10452846326765346,0.9945218953682733,0,0,5.211911152000454,15.449189095615495,1]},{"memory":[1,0,0,0,0,0.9914448613738104,-0.13052619222005157,0,0,0.13052619222005157,0.9914448613738104,0,0,6.765370867170617,19.219613010707775,1]},{"memory":[1,0,0,0,0,0.9876883405951378,-0.15643446504023087,0,0,0.15643446504023087,0.9876883405951378,0,0,8.41699644241902,22.948080061030417,1]},{"memory":[1,0,0,0,0,0.9832549075639546,-0.18223552549214747,0,0,0.18223552549214747,0.9832549075639546,0,0,10.165655936077002,26.632034941508216,1]},{"memory":[1,0,0,0,0,0.9781476007338057,-0.20791169081775931,0,0,0.20791169081775931,0.9781476007338057,0,0,12.010150904275037,30.268952853483732,1]},{"memory":[1,0,0,0,0,0.9723699203976766,-0.2334453638559054,0,0,0.2334453638559054,0.9723699203976766,0,0,13.94921722229654,33.856341235088216,1]},{"memory":[1,0,0,0,0,0.9659258262890683,-0.25881904510252074,0,0,0.25881904510252074,0.9659258262890683,0,0,15.981525950945638,37.39174146951898,1]},{"memory":[1,0,0,0,0,0.958819734868193,-0.2840153447039226,0,0,0.2840153447039226,0.958819734868193,0,0,18.1056842473358,40.872730570052504,1]},{"memory":[1,0,0,0,0,0.9510565162951535,-0.3090169943749474,0,0,0.3090169943749474,0.9510565162951535,0,0,20.320236319474787,44.29692284063855,1]},{"memory":[1,0,0,0,0,0.9426414910921784,-0.33380685923377096,0,0,0.33380685923377096,0.9426414910921784,0,0,22.623664423991627,47.66197151093714,1]},{"memory":[1,0,0,0,0,0.9335804264972017,-0.35836794954530027,0,0,0.35836794954530027,0.9335804264972017,0,0,25.01438990632235,50.96557034467751,1]},{"memory":[1,0,0,0,0,0.9238795325112867,-0.3826834323650898,0,0,0.3826834323650898,0.9238795325112867,0,0,27.490774282640757,54.20545522023752,1]},{"memory":[1,0,0,0,0,0.9335804264972017,-0.35836794954530027,0,0,0.35836794954530027,0.9335804264972017,0,0,25.01438990632235,50.96557034467751,1]},{"memory":[1,0,0,0,0,0.9426414910921784,-0.3338068592337709,0,0,0.3338068592337709,0.9426414910921784,0,0,22.623664423991613,47.66197151093713,1]},{"memory":[1,0,0,0,0,0.9510565162951535,-0.3090169943749474,0,0,0.3090169943749474,0.9510565162951535,0,0,20.320236319474787,44.29692284063855,1]},{"memory":[1,0,0,0,0,0.958819734868193,-0.28401534470392265,0,0,0.28401534470392265,0.958819734868193,0,0,18.1056842473358,40.872730570052504,1]},{"memory":[1,0,0,0,0,0.9659258262890683,-0.2588190451025208,0,0,0.2588190451025208,0.9659258262890683,0,0,15.981525950945638,37.39174146951898,1]},{"memory":[1,0,0,0,0,0.9723699203976766,-0.2334453638559054,0,0,0.2334453638559054,0.9723699203976766,0,0,13.94921722229654,33.856341235088216,1]},{"memory":[1,0,0,0,0,0.9781476007338057,-0.20791169081775931,0,0,0.20791169081775931,0.9781476007338057,0,0,12.010150904275037,30.268952853483732,1]},{"memory":[1,0,0,0,0,0.9832549075639546,-0.18223552549214747,0,0,0.18223552549214747,0.9832549075639546,0,0,10.165655936077002,26.632034941508216,1]},{"memory":[1,0,0,0,0,0.9876883405951378,-0.15643446504023087,0,0,0.15643446504023087,0.9876883405951378,0,0,8.41699644241902,22.948080061030417,1]},{"memory":[1,0,0,0,0,0.9914448613738104,-0.1305261922200516,0,0,0.1305261922200516,0.9914448613738104,0,0,6.765370867170617,19.219613010707782,1]},{"memory":[1,0,0,0,0,0.9945218953682733,-0.1045284632676535,0,0,0.1045284632676535,0.9945218953682733,0,0,5.211911152000454,15.449189095615502,1]},{"memory":[1,0,0,0,0,0.996917333733128,-0.07845909572784494,0,0,0.07845909572784494,0.996917333733128,0,0,3.75768196060028,11.639392375968121,1]},{"memory":[1,0,0,0,0,0.9986295347545738,-0.05233595624294379,0,0,0.05233595624294379,0.9986295347545738,0,0,2.4036799490175724,7.792833896133672,1]},{"memory":[1,0,0,0,0,0.9996573249755573,-0.02617694830787313,0,0,0.02617694830787313,0.9996573249755573,0,0,1.1508330825970745,3.9121498951543785,1]},{"memory":[1,0,0,0,0,1,0,0,0,0,1,0,0,0,0,1]},{"memory":[1,0,0,0,0,0.9996573249755573,0.02617694830787313,0,0,-0.02617694830787313,0.9996573249755573,0,0,-1.0480305752642778,-3.9409345972075656,1]},{"memory":[1,0,0,0,0,0.9986295347545738,0.05233595624294379,0,0,-0.05233595624294379,0.9986295347545738,0,0,-1.9925403753897228,-7.9079529767494705,1]},{"memory":[1,0,0,0,0,0.996917333733128,0.07845909572784494,0,0,-0.07845909572784494,0.996917333733128,0,0,-2.8328820805386954,-11.898336342385367,1]},{"memory":[1,0,0,0,0,0.9945218953682733,0.10452846326765344,0,0,-0.10452846326765344,0.9945218953682733,0,0,-3.56847976248244,-15.909349884680537,1]},{"memory":[1,0,0,0,0,0.9914448613738104,0.13052619222005155,0,0,-0.13052619222005155,0.9914448613738104,0,0,-4.198829279313742,-19.938244655307695,1]},{"memory":[1,0,0,0,0,0.9876883405951378,0.15643446504023087,0,0,-0.15643446504023087,0.9876883405951378,0,0,-4.723498620960356,-23.982259451038846,1]},{"memory":[1,0,0,0,0,0.9832549075639546,0.1822355254921474,0,0,-0.1822355254921474,0.9832549075639546,0,0,-5.14212820526339,-28.038622706136017,1]},{"memory":[1,0,0,0,0,0.9781476007338056,0.2079116908177594,0,0,-0.2079116908177594,0.9781476007338056,0,0,-5.454431124416715,-32.104554391844076,1]},{"memory":[1,0,0,0,0,0.9723699203976766,0.2334453638559054,0,0,-0.2334453638559054,0.9723699203976766,0,0,-5.660193341599523,-36.177267921683395,1]},{"memory":[1,0,0,0,0,0.9659258262890683,0.2588190451025208,0,0,-0.2588190451025208,0.9659258262890683,0,0,-5.759273837666115,-40.25397206123725,1]},{"memory":[1,0,0,0,0,0.958819734868193,0.2840153447039227,0,0,-0.2840153447039227,0.958819734868193,0,0,-5.751604707793689,-44.331872841124294,1]},{"memory":[1,0,0,0,0,0.9510565162951535,0.3090169943749474,0,0,-0.3090169943749474,0.9510565162951535,0,0,-5.637191208020823,-48.40817547184567,1]},{"memory":[1,0,0,0,0,0.9426414910921784,0.33380685923377096,0,0,-0.33380685923377096,0.9426414910921784,0,0,-5.416111751645133,-52.48008625919415,1]},{"memory":[1,0,0,0,0,0.9335804264972017,0.3583679495453002,0,0,-0.3583679495453002,0.9335804264972017,0,0,-5.088517855482877,-56.54481451891256,1]},{"memory":[1,0,0,0,0,0.9238795325112867,0.3826834323650898,0,0,-0.3826834323650898,0.9238795325112867,0,0,-4.654634036026778,-60.599574489289424,1]},{"memory":[1,0,0,0,0,0.9335804264972017,0.35836794954530027,0,0,-0.35836794954530027,0.9335804264972017,0,0,-5.088517855482877,-56.54481451891257,1]},{"memory":[1,0,0,0,0,0.9426414910921784,0.3338068592337709,0,0,-0.3338068592337709,0.9426414910921784,0,0,-5.416111751645133,-52.480086259194145,1]},{"memory":[1,0,0,0,0,0.9510565162951535,0.3090169943749474,0,0,-0.3090169943749474,0.9510565162951535,0,0,-5.637191208020823,-48.40817547184567,1]},{"memory":[1,0,0,0,0,0.958819734868193,0.28401534470392265,0,0,-0.28401534470392265,0.958819734868193,0,0,-5.751604707793689,-44.33187284112429,1]},{"memory":[1,0,0,0,0,0.9659258262890683,0.2588190451025208,0,0,-0.2588190451025208,0.9659258262890683,0,0,-5.759273837666115,-40.25397206123725,1]},{"memory":[1,0,0,0,0,0.9723699203976766,0.2334453638559054,0,0,-0.2334453638559054,0.9723699203976766,0,0,-5.660193341599523,-36.177267921683395,1]},{"memory":[1,0,0,0,0,0.9781476007338057,0.20791169081775931,0,0,-0.20791169081775931,0.9781476007338057,0,0,-5.454431124416743,-32.10455439184406,1]},{"memory":[1,0,0,0,0,0.9832549075639546,0.18223552549214747,0,0,-0.18223552549214747,0.9832549075639546,0,0,-5.14212820526339,-28.038622706136028,1]},{"memory":[1,0,0,0,0,0.9876883405951378,0.15643446504023087,0,0,-0.15643446504023087,0.9876883405951378,0,0,-4.723498620960356,-23.982259451038846,1]},{"memory":[1,0,0,0,0,0.9914448613738104,0.1305261922200516,0,0,-0.1305261922200516,0.9914448613738104,0,0,-4.198829279313742,-19.938244655307702,1]},{"memory":[1,0,0,0,0,0.9945218953682733,0.1045284632676535,0,0,-0.1045284632676535,0.9945218953682733,0,0,-3.56847976248244,-15.909349884680545,1]},{"memory":[1,0,0,0,0,0.996917333733128,0.07845909572784494,0,0,-0.07845909572784494,0.996917333733128,0,0,-2.8328820805386954,-11.898336342385367,1]},{"memory":[1,0,0,0,0,0.9986295347545738,0.05233595624294379,0,0,-0.05233595624294379,0.9986295347545738,0,0,-1.9925403753897228,-7.9079529767494705,1]},{"memory":[1,0,0,0,0,0.9996573249755573,0.02617694830787313,0,0,-0.02617694830787313,0.9996573249755573,0,0,-1.0480305752642778,-3.9409345972075656,1]}]},{"id":10,"translation":{"memory":[0,0,0,0]},"rotationRad":{"memory":[0,0,0,0]},"scale":{"memory":[1,1,1,1]},"name":"Front Right Leg","positionArray":[{"memory":[0,-150,126,1]},{"memory":[-84.00000000000001,-150,126,1]},{"memory":[-84.00000000000001,-276,126,1]},{"memory":[0,-150,126,1]},{"memory":[-84.00000000000001,-276,126,1]},{"memory":[0,-276,126,1]},{"memory":[0,-150,42.00000000000001,1]},{"memory":[-84.00000000000001,-276,42.00000000000001,1]},{"memory":[-84.00000000000001,-150,42.00000000000001,1]},{"memory":[0,-150,42.00000000000001,1]},{"memory":[0,-276,42.00000000000001,1]},{"memory":[-84.00000000000001,-276,42.00000000000001,1]},{"memory":[-84.00000000000001,-150,42.00000000000001,1]},{"memory":[-84.00000000000001,-276,42.00000000000001,1]},{"memory":[-84.00000000000001,-150,126,1]},{"memory":[-84.00000000000001,-276,42.00000000000001,1]},{"memory":[-84.00000000000001,-276,126,1]},{"memory":[-84.00000000000001,-150,126,1]},{"memory":[0,-150,42.00000000000001,1]},{"memory":[0,-276,126,1]},{"memory":[0,-276,42.00000000000001,1]},{"memory":[0,-150,42.00000000000001,1]},{"memory":[0,-150,126,1]},{"memory":[0,-276,126,1]},{"memory":[0,-150,42.00000000000001,1]},{"memory":[-84.00000000000001,-150,42.00000000000001,1]},{"memory":[-84.00000000000001,-150,126,1]},{"memory":[0,-150,42.00000000000001,1]},{"memory":[-84.00000000000001,-150,126,1]},{"memory":[0,-150,126,1]},{"memory":[0,-276,42.00000000000001,1]},{"memory":[0,-276,126,1]},{"memory":[-84.00000000000001,-276,42.00000000000001,1]},{"memory":[0,-276,126,1]},{"memory":[-84.00000000000001,-276,126,1]},{"memory":[-84.00000000000001,-276,42.00000000000001,1]}],"texCoordArray":[{"memory":[0.015873015873015872,0.31746031746031744]},{"memory":[0.015873015873015872,0.3968253968253968]},{"memory":[0.30158730158730157,0.3968253968253968]},{"memory":[0.015873015873015872,0.31746031746031744]},{"memory":[0.30158730158730157,0.3968253968253968]},{"memory":[0.30158730158730157,0.31746031746031744]},{"memory":[0.015873015873015872,0.31746031746031744]},{"memory":[0.30158730158730157,0.3968253968253968]},{"memory":[0.015873015873015872,0.3968253968253968]},{"memory":[0.015873015873015872,0.31746031746031744]},{"memory":[0.30158730158730157,0.31746031746031744]},{"memory":[0.30158730158730157,0.3968253968253968]},{"memory":[0.015873015873015872,0.31746031746031744]},{"memory":[0.30158730158730157,0.31746031746031744]},{"memory":[0.015873015873015872,0.3968253968253968]},{"memory":[0.30158730158730157,0.31746031746031744]},{"memory":[0.30158730158730157,0.3968253968253968]},{"memory":[0.015873015873015872,0.3968253968253968]},{"memory":[0.015873015873015872,0.31746031746031744]},{"memory":[0.30158730158730157,0.3968253968253968]},{"memory":[0.30158730158730157,0.31746031746031744]},{"memory":[0.015873015873015872,0.31746031746031744]},{"memory":[0.015873015873015872,0.3968253968253968]},{"memory":[0.30158730158730157,0.3968253968253968]},{"memory":[0.015873015873015872,0.31746031746031744]},{"memory":[0.015873015873015872,0.3968253968253968]},{"memory":[0.30158730158730157,0.3968253968253968]},{"memory":[0.015873015873015872,0.31746031746031744]},{"memory":[0.30158730158730157,0.3968253968253968]},{"memory":[0.30158730158730157,0.31746031746031744]},{"memory":[0.015873015873015872,0.31746031746031744]},{"memory":[0.30158730158730157,0.31746031746031744]},{"memory":[0.015873015873015872,0.3968253968253968]},{"memory":[0.30158730158730157,0.31746031746031744]},{"memory":[0.30158730158730157,0.3968253968253968]},{"memory":[0.015873015873015872,0.3968253968253968]}],"animationMatrix":[{"memory":[1,0,0,0,0,1,0,0,0,0,1,0,0,0,0,1]},{"memory":[1,0,0,0,0,0.9996573249755573,0.02617694830787315,0,0,-0.02617694830787315,0.9996573249755573,0,0,-1.0480305752642778,-3.9409345972075656,1]},{"memory":[1,0,0,0,0,0.9986295347545738,0.05233595624294383,0,0,-0.05233595624294383,0.9986295347545738,0,0,-1.9925403753897228,-7.9079529767494705,1]},{"memory":[1,0,0,0,0,0.996917333733128,0.07845909572784494,0,0,-0.07845909572784494,0.996917333733128,0,0,-2.8328820805386954,-11.898336342385367,1]},{"memory":[1,0,0,0,0,0.9945218953682733,0.10452846326765346,0,0,-0.10452846326765346,0.9945218953682733,0,0,-3.56847976248244,-15.909349884680537,1]},{"memory":[1,0,0,0,0,0.9914448613738104,0.13052619222005157,0,0,-0.13052619222005157,0.9914448613738104,0,0,-4.198829279313742,-19.9382446553077,1]},{"memory":[1,0,0,0,0,0.9876883405951378,0.15643446504023087,0,0,-0.15643446504023087,0.9876883405951378,0,0,-4.723498620960356,-23.982259451038846,1]},{"memory":[1,0,0,0,0,0.9832549075639546,0.18223552549214747,0,0,-0.18223552549214747,0.9832549075639546,0,0,-5.14212820526339,-28.038622706136028,1]},{"memory":[1,0,0,0,0,0.9781476007338057,0.20791169081775931,0,0,-0.20791169081775931,0.9781476007338057,0,0,-5.454431124416743,-32.10455439184406,1]},{"memory":[1,0,0,0,0,0.9723699203976766,0.2334453638559054,0,0,-0.2334453638559054,0.9723699203976766,0,0,-5.660193341599523,-36.177267921683395,1]},{"memory":[1,0,0,0,0,0.9659258262890683,0.25881904510252074,0,0,-0.25881904510252074,0.9659258262890683,0,0,-5.759273837666115,-40.25397206123724,1]},{"memory":[1,0,0,0,0,0.958819734868193,0.2840153447039226,0,0,-0.2840153447039226,0.958819734868193,0,0,-5.751604707793689,-44.33187284112428,1]},{"memory":[1,0,0,0,0,0.9510565162951535,0.3090169943749474,0,0,-0.3090169943749474,0.9510565162951535,0,0,-5.637191208020823,-48.40817547184567,1]},{"memory":[1,0,0,0,0,0.9426414910921784,0.33380685923377096,0,0,-0.33380685923377096,0.9426414910921784,0,0,-5.416111751645133,-52.48008625919415,1]},{"memory":[1,0,0,0,0,0.9335804264972017,0.35836794954530027,0,0,-0.35836794954530027,0.9335804264972017,0,0,-5.088517855482877,-56.54481451891257,1]},{"memory":[1,0,0,0,0,0.9238795325112867,0.3826834323650898,0,0,-0.3826834323650898,0.9238795325112867,0,0,-4.654634036026778,-60.599574489289424,1]},{"memory":[1,0,0,0,0,0.9335804264972017,0.35836794954530027,0,0,-0.35836794954530027,0.9335804264972017,0,0,-5.088517855482877,-56.54481451891257,1]},{"memory":[1,0,0,0,0,0.9426414910921784,0.3338068592337709,0,0,-0.3338068592337709,0.9426414910921784,0,0,-5.416111751645133,-52.480086259194145,1]},{"memory":[1,0,0,0,0,0.9510565162951535,0.3090169943749474,0,0,-0.3090169943749474,0.9510565162951535,0,0,-5.637191208020823,-48.40817547184567,1]},{"memory":[1,0,0,0,0,0.958819734868193,0.28401534470392265,0,0,-0.28401534470392265,0.958819734868193,0,0,-5.751604707793689,-44.33187284112429,1]},{"memory":[1,0,0,0,0,0.9659258262890683,0.2588190451025208,0,0,-0.2588190451025208,0.9659258262890683,0,0,-5.759273837666115,-40.25397206123725,1]},{"memory":[1,0,0,0,0,0.9723699203976766,0.2334453638559054,0,0,-0.2334453638559054,0.9723699203976766,0,0,-5.660193341599523,-36.177267921683395,1]},{"memory":[1,0,0,0,0,0.9781476007338057,0.20791169081775931,0,0,-0.20791169081775931,0.9781476007338057,0,0,-5.454431124416743,-32.10455439184406,1]},{"memory":[1,0,0,0,0,0.9832549075639546,0.18223552549214747,0,0,-0.18223552549214747,0.9832549075639546,0,0,-5.14212820526339,-28.038622706136028,1]},{"memory":[1,0,0,0,0,0.9876883405951378,0.15643446504023087,0,0,-0.15643446504023087,0.9876883405951378,0,0,-4.723498620960356,-23.982259451038846,1]},{"memory":[1,0,0,0,0,0.9914448613738104,0.1305261922200516,0,0,-0.1305261922200516,0.9914448613738104,0,0,-4.198829279313742,-19.938244655307702,1]},{"memory":[1,0,0,0,0,0.9945218953682733,0.1045284632676535,0,0,-0.1045284632676535,0.9945218953682733,0,0,-3.56847976248244,-15.909349884680545,1]},{"memory":[1,0,0,0,0,0.996917333733128,0.07845909572784494,0,0,-0.07845909572784494,0.996917333733128,0,0,-2.8328820805386954,-11.898336342385367,1]},{"memory":[1,0,0,0,0,0.9986295347545738,0.05233595624294379,0,0,-0.05233595624294379,0.9986295347545738,0,0,-1.9925403753897228,-7.9079529767494705,1]},{"memory":[1,0,0,0,0,0.9996573249755573,0.02617694830787313,0,0,-0.02617694830787313,0.9996573249755573,0,0,-1.0480305752642778,-3.9409345972075656,1]},{"memory":[1,0,0,0,0,1,0,0,0,0,1,0,0,0,0,1]},{"memory":[1,0,0,0,0,0.9996573249755573,-0.02617694830787313,0,0,0.02617694830787313,0.9996573249755573,0,0,1.1508330825970745,3.9121498951543785,1]},{"memory":[1,0,0,0,0,0.9986295347545738,-0.05233595624294379,0,0,0.05233595624294379,0.9986295347545738,0,0,2.4036799490175724,7.792833896133672,1]},{"memory":[1,0,0,0,0,0.996917333733128,-0.07845909572784494,0,0,0.07845909572784494,0.996917333733128,0,0,3.75768196060028,11.639392375968121,1]},{"memory":[1,0,0,0,0,0.9945218953682733,-0.10452846326765344,0,0,0.10452846326765344,0.9945218953682733,0,0,5.211911152000454,15.449189095615495,1]},{"memory":[1,0,0,0,0,0.9914448613738104,-0.13052619222005155,0,0,0.13052619222005155,0.9914448613738104,0,0,6.765370867170617,19.219613010707768,1]},{"memory":[1,0,0,0,0,0.9876883405951378,-0.15643446504023087,0,0,0.15643446504023087,0.9876883405951378,0,0,8.41699644241902,22.948080061030417,1]},{"memory":[1,0,0,0,0,0.9832549075639546,-0.1822355254921474,0,0,0.1822355254921474,0.9832549075639546,0,0,10.165655936077002,26.632034941508202,1]},{"memory":[1,0,0,0,0,0.9781476007338056,-0.2079116908177594,0,0,0.2079116908177594,0.9781476007338056,0,0,12.010150904275065,30.268952853483746,1]},{"memory":[1,0,0,0,0,0.9723699203976766,-0.2334453638559054,0,0,0.2334453638559054,0.9723699203976766,0,0,13.94921722229654,33.856341235088216,1]},{"memory":[1,0,0,0,0,0.9659258262890683,-0.2588190451025208,0,0,0.2588190451025208,0.9659258262890683,0,0,15.981525950945638,37.39174146951898,1]},{"memory":[1,0,0,0,0,0.958819734868193,-0.2840153447039227,0,0,0.2840153447039227,0.958819734868193,0,0,18.1056842473358,40.872730570052504,1]},{"memory":[1,0,0,0,0,0.9510565162951535,-0.3090169943749474,0,0,0.3090169943749474,0.9510565162951535,0,0,20.320236319474787,44.29692284063855,1]},{"memory":[1,0,0,0,0,0.9426414910921784,-0.33380685923377096,0,0,0.33380685923377096,0.9426414910921784,0,0,22.623664423991627,47.66197151093714,1]},{"memory":[1,0,0,0,0,0.9335804264972017,-0.3583679495453002,0,0,0.3583679495453002,0.9335804264972017,0,0,25.01438990632235,50.965570344677495,1]},{"memory":[1,0,0,0,0,0.9238795325112867,-0.3826834323650898,0,0,0.3826834323650898,0.9238795325112867,0,0,27.490774282640757,54.20545522023752,1]},{"memory":[1,0,0,0,0,0.9335804264972017,-0.35836794954530027,0,0,0.35836794954530027,0.9335804264972017,0,0,25.01438990632235,50.96557034467751,1]},{"memory":[1,0,0,0,0,0.9426414910921784,-0.3338068592337709,0,0,0.3338068592337709,0.9426414910921784,0,0,22.623664423991613,47.66197151093713,1]},{"memory":[1,0,0,0,0,0.9510565162951535,-0.3090169943749474,0,0,0.3090169943749474,0.9510565162951535,0,0,20.320236319474787,44.29692284063855,1]},{"memory":[1,0,0,0,0,0.958819734868193,-0.28401534470392265,0,0,0.28401534470392265,0.958819734868193,0,0,18.1056842473358,40.872730570052504,1]},{"memory":[1,0,0,0,0,0.9659258262890683,-0.2588190451025208,0,0,0.2588190451025208,0.9659258262890683,0,0,15.981525950945638,37.39174146951898,1]},{"memory":[1,0,0,0,0,0.9723699203976766,-0.2334453638559054,0,0,0.2334453638559054,0.9723699203976766,0,0,13.94921722229654,33.856341235088216,1]},{"memory":[1,0,0,0,0,0.9781476007338057,-0.20791169081775931,0,0,0.20791169081775931,0.9781476007338057,0,0,12.010150904275037,30.268952853483732,1]},{"memory":[1,0,0,0,0,0.9832549075639546,-0.18223552549214747,0,0,0.18223552549214747,0.9832549075639546,0,0,10.165655936077002,26.632034941508216,1]},{"memory":[1,0,0,0,0,0.9876883405951378,-0.15643446504023087,0,0,0.15643446504023087,0.9876883405951378,0,0,8.41699644241902,22.948080061030417,1]},{"memory":[1,0,0,0,0,0.9914448613738104,-0.1305261922200516,0,0,0.1305261922200516,0.9914448613738104,0,0,6.765370867170617,19.219613010707782,1]},{"memory":[1,0,0,0,0,0.9945218953682733,-0.1045284632676535,0,0,0.1045284632676535,0.9945218953682733,0,0,5.211911152000454,15.449189095615502,1]},{"memory":[1,0,0,0,0,0.996917333733128,-0.07845909572784494,0,0,0.07845909572784494,0.996917333733128,0,0,3.75768196060028,11.639392375968121,1]},{"memory":[1,0,0,0,0,0.9986295347545738,-0.05233595624294379,0,0,0.05233595624294379,0.9986295347545738,0,0,2.4036799490175724,7.792833896133672,1]},{"memory":[1,0,0,0,0,0.9996573249755573,-0.02617694830787313,0,0,0.02617694830787313,0.9996573249755573,0,0,1.1508330825970745,3.9121498951543785,1]}]},{"id":9,"translation":{"memory":[0,0,0,0]},"rotationRad":{"memory":[0,0,0,0]},"scale":{"memory":[1,1,1,1]},"name":"Back Left Leg","positionArray":[{"memory":[84.00000000000001,-150,-42.00000000000001,1]},{"memory":[0,-150,-42.00000000000001,1]},{"memory":[0,-276,-42.00000000000001,1]},{"memory":[84.00000000000001,-150,-42.00000000000001,1]},{"memory":[0,-276,-42.00000000000001,1]},{"memory":[84.00000000000001,-276,-42.00000000000001,1]},{"memory":[84.00000000000001,-150,-126,1]},{"memory":[0,-276,-126,1]},{"memory":[0,-150,-126,1]},{"memory":[84.00000000000001,-150,-126,1]},{"memory":[84.00000000000001,-276,-126,1]},{"memory":[0,-276,-126,1]},{"memory":[0,-150,-126,1]},{"memory":[0,-276,-126,1]},{"memory":[0,-150,-42.00000000000001,1]},{"memory":[0,-276,-126,1]},{"memory":[0,-276,-42.00000000000001,1]},{"memory":[0,-150,-42.00000000000001,1]},{"memory":[84.00000000000001,-150,-126,1]},{"memory":[84.00000000000001,-276,-42.00000000000001,1]},{"memory":[84.00000000000001,-276,-126,1]},{"memory":[84.00000000000001,-150,-126,1]},{"memory":[84.00000000000001,-150,-42.00000000000001,1]},{"memory":[84.00000000000001,-276,-42.00000000000001,1]},{"memory":[84.00000000000001,-150,-126,1]},{"memory":[0,-150,-126,1]},{"memory":[0,-150,-42.00000000000001,1]},{"memory":[84.00000000000001,-150,-126,1]},{"memory":[0,-150,-42.00000000000001,1]},{"memory":[84.00000000000001,-150,-42.00000000000001,1]},{"memory":[84.00000000000001,-276,-126,1]},{"memory":[84.00000000000001,-276,-42.00000000000001,1]},{"memory":[0,-276,-126,1]},{"memory":[84.00000000000001,-276,-42.00000000000001,1]},{"memory":[0,-276,-42.00000000000001,1]},{"memory":[0,-276,-126,1]}],"texCoordArray":[{"memory":[0.015873015873015872,0.31746031746031744]},{"memory":[0.015873015873015872,0.3968253968253968]},{"memory":[0.30158730158730157,0.3968253968253968]},{"memory":[0.015873015873015872,0.31746031746031744]},{"memory":[0.30158730158730157,0.3968253968253968]},{"memory":[0.30158730158730157,0.31746031746031744]},{"memory":[0.015873015873015872,0.31746031746031744]},{"memory":[0.30158730158730157,0.3968253968253968]},{"memory":[0.015873015873015872,0.3968253968253968]},{"memory":[0.015873015873015872,0.31746031746031744]},{"memory":[0.30158730158730157,0.31746031746031744]},{"memory":[0.30158730158730157,0.3968253968253968]},{"memory":[0.015873015873015872,0.31746031746031744]},{"memory":[0.30158730158730157,0.31746031746031744]},{"memory":[0.015873015873015872,0.3968253968253968]},{"memory":[0.30158730158730157,0.31746031746031744]},{"memory":[0.30158730158730157,0.3968253968253968]},{"memory":[0.015873015873015872,0.3968253968253968]},{"memory":[0.015873015873015872,0.31746031746031744]},{"memory":[0.30158730158730157,0.3968253968253968]},{"memory":[0.30158730158730157,0.31746031746031744]},{"memory":[0.015873015873015872,0.31746031746031744]},{"memory":[0.015873015873015872,0.3968253968253968]},{"memory":[0.30158730158730157,0.3968253968253968]},{"memory":[0.015873015873015872,0.31746031746031744]},{"memory":[0.015873015873015872,0.3968253968253968]},{"memory":[0.30158730158730157,0.3968253968253968]},{"memory":[0.015873015873015872,0.31746031746031744]},{"memory":[0.30158730158730157,0.3968253968253968]},{"memory":[0.30158730158730157,0.31746031746031744]},{"memory":[0.015873015873015872,0.31746031746031744]},{"memory":[0.30158730158730157,0.31746031746031744]},{"memory":[0.015873015873015872,0.3968253968253968]},{"memory":[0.30158730158730157,0.31746031746031744]},{"memory":[0.30158730158730157,0.3968253968253968]},{"memory":[0.015873015873015872,0.3968253968253968]}],"animationMatrix":[{"memory":[1,0,0,0,0,1,0,0,0,0,1,0,0,0,0,1]},{"memory":[1,0,0,0,0,0.9996573249755573,-0.02617694830787315,0,0,0.02617694830787315,0.9996573249755573,0,0,-1.0480305752642778,3.9409345972075656,1]},{"memory":[1,0,0,0,0,0.9986295347545738,-0.05233595624294383,0,0,0.05233595624294383,0.9986295347545738,0,0,-1.9925403753897228,7.9079529767494705,1]},{"memory":[1,0,0,0,0,0.996917333733128,-0.07845909572784494,0,0,0.0784590957278