{"totalAnimationFrames":60,"animationMatrixPath":"","name":"Pig","topLevelComponents":[{"id":22,"translation":{"memory":[0,0,0,0]},"rotationRad":{"memory":[0,0,0,0]},"scale":{"memory":[1,1,1,1]},"name":"Body","children":[{"id":23,"translation":{"memory":[0,0,0,0]},"rotationRad":{"memory":[0,0,0,0]},"scale":{"memory":[1,1,1,1]},"name":"Head","positionArray":[{"memory":[100,-50,350,1]},{"memory":[100,150,350,1]},{"memory":[-100,150,350,1]},{"memory":[100,-50,350,1]},{"memory":[-100,150,350,1]},{"memory":[-100,-50,350,1]},{"memory":[100,-50,350,1]},{"memory":[100,-50,200,1]},{"memory":[100,150,200,1]},{"memory":[100,-50,350,1]},{"memory":[100,150,200,1]},{"memory":[100,150,350,1]},{"memory":[100,-50,200,1]},{"memory":[-100,-50,200,1]},{"memory":[-100,150,200,1]},{"memory":[100,-50,200,1]},{"memory":[-100,150,200,1]},{"memory":[100,150,200,1]},{"memory":[-100,-50,200,1]},{"memory":[-100,-50,350,1]},{"memory":[-100,150,350,1]},{"memory":[-100,-50,200,1]},{"memory":[-100,150,350,1]},{"memory":[-100,150,200,1]},{"memory":[100,150,350,1]},{"memory":[100,150,200,1]},{"memory":[-100,150,200,1]},{"memory":[100,150,350,1]},{"memory":[-100,150,200,1]},{"memory":[-100,150,350,1]},{"memory":[100,-50,200,1]},{"memory":[100,-50,350,1]},{"memory":[-100,-50,350,1]},{"memory":[100,-50,200,1]},{"memory":[-100,-50,350,1]},{"memory":[-100,-50,200,1]}],"texCoordArray":[{"memory":[0.234375,0.25]},{"memory":[0.125,0.25]},{"memory":[0.125,0.46875]},{"memory":[0.234375,0.25]},{"memory":[0.125,0.46875]},{"memory":[0.234375,0.46875]},{"memory":[0.484375,0.25]},{"memory":[0.375,0.25]},{"memory":[0.375,0.46875]},{"memory":[0.484375,0.25]},{"memory":[0.375,0.46875]},{"memory":[0.484375,0.46875]},{"memory":[0.109375,0.25]},{"memory":[0,0.25]},{"memory":[0,0.46875]},{"memory":[0.109375,0.25]},{"memory":[0,0.46875]},{"memory":[0.109375,0.46875]},{"memory":[0.359375,0.25]},{"memory":[0.25,0.25]},{"memory":[0.25,0.46875]},{"memory":[0.359375,0.25]},{"memory":[0.25,0.46875]},{"memory":[0.359375,0.46875]},{"memory":[0.234375,0]},{"memory":[0.125,0]},{"memory":[0.125,0.21875]},{"memory":[0.234375,0]},{"memory":[0.125,0.21875]},{"memory":[0.234375,0.21875]},{"memory":[0.359375,0]},{"memory":[0.25,0]},{"memory":[0.25,0.21875]},{"memory":[0.359375,0]},{"memory":[0.25,0.21875]},{"memory":[0.359375,0.21875]}],"animationMatrix":[{"memory":[1,0,0,0,0,1,0,0,0,0,1,0,0,0,0,1]},{"memory":[0.9996573249755573,0,-0.02617694830787315,0,0,1,0,0,0.02617694830787315,0,0.9996573249755573,0,0,0,0,1]},{"memory":[0.9986295347545738,0,-0.05233595624294383,0,0,1,0,0,0.05233595624294383,0,0.9986295347545738,0,0,0,0,1]},{"memory":[0.996917333733128,0,-0.07845909572784494,0,0,1,0,0,0.07845909572784494,0,0.996917333733128,0,0,0,0,1]},{"memory":[0.9945218953682733,0,-0.10452846326765346,0,0,1,0,0,0.10452846326765346,0,0.9945218953682733,0,0,0,0,1]},{"memory":[0.9914448613738104,0,-0.13052619222005157,0,0,1,0,0,0.13052619222005157,0,0.9914448613738104,0,0,0,0,1]},{"memory":[0.9876883405951378,0,-0.15643446504023087,0,0,1,0,0,0.15643446504023087,0,0.9876883405951378,0,0,0,0,1]},{"memory":[0.9832549075639546,0,-0.18223552549214747,0,0,1,0,0,0.18223552549214747,0,0.9832549075639546,0,0,0,0,1]},{"memory":[0.9781476007338057,0,-0.20791169081775931,0,0,1,0,0,0.20791169081775931,0,0.9781476007338057,0,0,0,0,1]},{"memory":[0.9723699203976766,0,-0.2334453638559054,0,0,1,0,0,0.2334453638559054,0,0.9723699203976766,0,0,0,0,1]},{"memory":[0.9659258262890683,0,-0.25881904510252074,0,0,1,0,0,0.25881904510252074,0,0.9659258262890683,0,0,0,0,1]},{"memory":[0.958819734868193,0,-0.2840153447039226,0,0,1,0,0,0.2840153447039226,0,0.958819734868193,0,0,0,0,1]},{"memory":[0.9510565162951535,0,-0.3090169943749474,0,0,1,0,0,0.3090169943749474,0,0.9510565162951535,0,0,0,0,1]},{"memory":[0.9426414910921784,0,-0.33380685923377096,0,0,1,0,0,0.33380685923377096,0,0.9426414910921784,0,0,0,0,1]},{"memory":[0.9335804264972017,0,-0.35836794954530027,0,0,1,0,0,0.35836794954530027,0,0.9335804264972017,0,0,0,0,1]},{"memory":[0.9238795325112867,0,-0.3826834323650898,0,0,1,0,0,0.3826834323650898,0,0.9238795325112867,0,0,0,0,1]},{"memory":[0.9135454576426009,0,-0.40673664307580015,0,0,1,0,0,0.40673664307580015,0,0.9135454576426009,0,0,0,0,1]},{"memory":[0.9025852843498606,0,-0.4305110968082951,0,0,1,0,0,0.4305110968082951,0,0.9025852843498606,0,0,0,0,1]},{"memory":[0.8910065241883679,0,-0.45399049973954675,0,0,1,0,0,0.45399049973954675,0,0.8910065241883679,0,0,0,0,1]},{"memory":[0.8788171126619654,0,-0.4771587602596084,0,0,1,0,0,0.4771587602596084,0,0.8788171126619654,0,0,0,0,1]},{"memory":[0.8660254037844387,0,-0.49999999999999994,0,0,1,0,0,0.49999999999999994,0,0.8660254037844387,0,0,0,0,1]},{"memory":[0.8526401643540922,0,-0.5224985647159488,0,0,1,0,0,0.5224985647159488,0,0.8526401643540922,0,0,0,0,1]},{"memory":[0.838670567945424,0,-0.544639035015027,0,0,1,0,0,0.544639035015027,0,0.838670567945424,0,0,0,0,1]},{"memory":[0.8241261886220156,0,-0.5664062369248328,0,0,1,0,0,0.5664062369248328,0,0.8241261886220156,0,0,0,0,1]},{"memory":[0.8090169943749475,0,-0.5877852522924731,0,0,1,0,0,0.5877852522924731,0,0.8090169943749475,0,0,0,0,1]},{"memory":[0.7933533402912352,0,-0.6087614290087207,0,0,1,0,0,0.6087614290087207,0,0.7933533402912352,0,0,0,0,1]},{"memory":[0.7771459614569709,0,-0.6293203910498375,0,0,1,0,0,0.6293203910498375,0,0.7771459614569709,0,0,0,0,1]},{"memory":[0.7604059656000309,0,-0.6494480483301837,0,0,1,0,0,0.6494480483301837,0,0.7604059656000309,0,0,0,0,1]},{"memory":[0.7431448254773942,0,-0.6691306063588582,0,0,1,0,0,0.6691306063588582,0,0.7431448254773942,0,0,0,0,1]},{"memory":[0.7253743710122876,0,-0.6883545756937539,0,0,1,0,0,0.6883545756937539,0,0.7253743710122876,0,0,0,0,1]},{"memory":[0.7071067811865476,0,-0.7071067811865475,0,0,1,0,0,0.7071067811865475,0,0.7071067811865476,0,0,0,0,1]},{"memory":[0.688354575693754,0,-0.7253743710122876,0,0,1,0,0,0.7253743710122876,0,0.688354575693754,0,0,0,0,1]},{"memory":[0.6691306063588582,0,-0.7431448254773942,0,0,1,0,0,0.7431448254773942,0,0.6691306063588582,0,0,0,0,1]},{"memory":[0.6494480483301835,0,-0.760405965600031,0,0,1,0,0,0.760405965600031,0,0.6494480483301835,0,0,0,0,1]},{"memory":[0.6293203910498375,0,-0.7771459614569708,0,0,1,0,0,0.7771459614569708,0,0.6293203910498375,0,0,0,0,1]},{"memory":[0.6087614290087207,0,-0.7933533402912352,0,0,1,0,0,0.7933533402912352,0,0.6087614290087207,0,0,0,0,1]},{"memory":[0.5877852522924731,0,-0.8090169943749475,0,0,1,0,0,0.8090169943749475,0,0.5877852522924731,0,0,0,0,1]},{"memory":[0.5664062369248328,0,-0.8241261886220157,0,0,1,0,0,0.8241261886220157,0,0.5664062369248328,0,0,0,0,1]},{"memory":[0.5446390350150272,0,-0.8386705679454239,0,0,1,0,0,0.8386705679454239,0,0.5446390350150272,0,0,0,0,1]},{"memory":[0.5224985647159489,0,-0.8526401643540922,0,0,1,0,0,0.8526401643540922,0,0.5224985647159489,0,0,0,0,1]},{"memory":[0.5000000000000001,0,-0.8660254037844386,0,0,1,0,0,0.8660254037844386,0,0.5000000000000001,0,0,0,0,1]},{"memory":[0.4771587602596084,0,-0.8788171126619654,0,0,1,0,0,0.8788171126619654,0,0.4771587602596084,0,0,0,0,1]},{"memory":[0.4539904997395468,0,-0.8910065241883678,0,0,1,0,0,0.8910065241883678,0,0.4539904997395468,0,0,0,0,1]},{"memory":[0.43051109680829525,0,-0.9025852843498605,0,0,1,0,0,0.9025852843498605,0,0.43051109680829525,0,0,0,0,1]},{"memory":[0.4067366430758004,0,-0.9135454576426009,0,0,1,0,0,0.9135454576426009,0,0.4067366430758004,0,0,0,0,1]},{"memory":[0.38268343236508984,0,-0.9238795325112867,0,0,1,0,0,0.9238795325112867,0,0.38268343236508984,0,0,0,0,1]},{"memory":[0.35836794954530016,0,-0.9335804264972017,0,0,1,0,0,0.9335804264972017,0,0.35836794954530016,0,0,0,0,1]},{"memory":[0.3338068592337709,0,-0.9426414910921784,0,0,1,0,0,0.9426414910921784,0,0.3338068592337709,0,0,0,0,1]},{"memory":[0.30901699437494745,0,-0.9510565162951535,0,0,1,0,0,0.9510565162951535,0,0.30901699437494745,0,0,0,0,1]},{"memory":[0.28401534470392276,0,-0.958819734868193,0,0,1,0,0,0.958819734868193,0,0.28401534470392276,0,0,0,0,1]},{"memory":[0.25881904510252074,0,-0.9659258262890683,0,0,1,0,0,0.9659258262890683,0,0.25881904510252074,0,0,0,0,1]},{"memory":[0.23344536385590547,0,-0.9723699203976766,0,0,1,0,0,0.9723699203976766,0,0.23344536385590547,0,0,0,0,1]},{"memory":[0.20791169081775923,0,-0.9781476007338057,0,0,1,0,0,0.9781476007338057,0,0.20791169081775923,0,0,0,0,1]},{"memory":[0.18223552549214767,0,-0.9832549075639545,0,0,1,0,0,0.9832549075639545,0,0.18223552549214767,0,0,0,0,1]},{"memory":[0.15643446504023092,0,-0.9876883405951378,0,0,1,0,0,0.9876883405951378,0,0.15643446504023092,0,0,0,0,1]},{"memory":[0.1305261922200517,0,-0.9914448613738104,0,0,1,0,0,0.9914448613738104,0,0.1305261922200517,0,0,0,0,1]},{"memory":[0.10452846326765346,0,-0.9945218953682733,0,0,1,0,0,0.9945218953682733,0,0.10452846326765346,0,0,0,0,1]},{"memory":[0.078459095727845,0,-0.996917333733128,0,0,1,0,0,0.996917333733128,0,0.078459095727845,0,0,0,0,1]},{"memory":[0.052335956242943966,0,-0.9986295347545738,0,0,1,0,0,0.9986295347545738,0,0.052335956242943966,0,0,0,0,1]},{"memory":[0.02617694830787336,0,-0.9996573249755573,0,0,1,0,0,0.9996573249755573,0,0.02617694830787336,0,0,0,0,1]}]},{"id":24,"translation":{"memory":[0,0,0,0]},"rotationRad":{"memory":[0,0,0,0]},"scale":{"memory":[1,1,1,1]},"name":"Front Right Leg","positionArray":[{"memory":[130,-200,150,1]},{"memory":[130,-100,150,1]},{"memory":[30,-100,150,1]},{"memory":[130,-200,150,1]},{"memory":[30,-100,150,1]},{"memory":[30,-200,150,1]},{"memory":[130,-200,150,1]},{"memory":[130,-200,50,1]},{"memory":[130,-100,50,1]},{"memory":[130,-200,150,1]},{"memory":[130,-100,50,1]},{"memory":[130,-100,150,1]},{"memory":[130,-200,50,1]},{"memory":[30,-200,50,1]},{"memory":[30,-100,50,1]},{"memory":[130,-200,50,1]},{"memory":[30,-100,50,1]},{"memory":[130,-100,50,1]},{"memory":[30,-200,50,1]},{"memory":[30,-200,150,1]},{"memory":[30,-100,150,1]},{"memory":[30,-200,50,1]},{"memory":[30,-100,150,1]},{"memory":[30,-100,50,1]},{"memory":[130,-100,150,1]},{"memory":[130,-100,50,1]},{"memory":[30,-100,50,1]},{"memory":[130,-100,150,1]},{"memory":[30,-100,50,1]},{"memory":[30,-100,150,1]},{"memory":[130,-200,50,1]},{"memory":[130,-200,150,1]},{"memory":[30,-200,150,1]},{"memory":[130,-200,50,1]},{"memory":[30,-200,150,1]},{"memory":[30,-200,50,1]}],"texCoordArray":[{"memory":[0.109375,0.625]},{"memory":[0.0625,0.625]},{"memory":[0.0625,0.78125]},{"memory":[0.109375,0.625]},{"memory":[0.0625,0.78125]},{"memory":[0.109375,0.78125]},{"memory":[0.171875,0.625]},{"memory":[0.125,0.625]},{"memory":[0.125,0.78125]},{"memory":[0.171875,0.625]},{"memory":[0.125,0.78125]},{"memory":[0.171875,0.78125]},{"memory":[0.234375,0.625]},{"memory":[0.1875,0.625]},{"memory":[0.1875,0.78125]},{"memory":[0.234375,0.625]},{"memory":[0.1875,0.78125]},{"memory":[0.234375,0.78125]},{"memory":[0.046875,0.625]},{"memory":[0,0.625]},{"memory":[0,0.78125]},{"memory":[0.046875,0.625]},{"memory":[0,0.78125]},{"memory":[0.046875,0.78125]},{"memory":[0.0625,0.5]},{"memory":[0.109375,0.5]},{"memory":[0.109375,0.59375]},{"memory":[0.0625,0.5]},{"memory":[0.109375,0.59375]},{"memory":[0.0625,0.59375]},{"memory":[0.125,0.5]},{"memory":[0.171875,0.5]},{"memory":[0.171875,0.59375]},{"memory":[0.125,0.5]},{"memory":[0.171875,0.59375]},{"memory":[0.125,0.59375]}],"animationMatrix":[{"memory":[1,0,0,0,0,1,0,0,0,0,1,0,0,0,0,1]},{"memory":[1,0,0,0,0,0.9996573249755573,-0.02617694830787315,0,0,0.02617694830787315,0.9996573249755573,0,0,1.1508330825970745,3.9121498951543785,1]},{"memory":[1,0,0,0,0,0.9986295347545738,-0.05233595624294383,0,0,0.05233595624294383,0.9986295347545738,0,0,2.4036799490175724,7.792833896133672,1]},{"memory":[1,0,0,0,0,0.996917333733128,-0.07845909572784494,0,0,0.07845909572784494,0.996917333733128,0,0,3.75768196060028,11.639392375968121,1]},{"memory":[1,0,0,0,0,0.9945218953682733,-0.10452846326765346,0,0,0.10452846326765346,0.9945218953682733,0,0,5.211911152000454,15.449189095615495,1]},{"memory":[1,0,0,0,0,0.9914448613738104,-0.13052619222005157,0,0,0.13052619222005157,0.9914448613738104,0,0,6.765370867170617,19.219613010707775,1]},{"memory":[1,0,0,0,0,0.9876883405951378,-0.15643446504023087,0,0,0.15643446504023087,0.9876883405951378,0,0,8.41699644241902,22.948080061030417,1]},{"memory":[1,0,0,0,0,0.9832549075639546,-0.18223552549214747,0,0,0.18223552549214747,0.9832549075639546,0,0,10.165655936077002,26.632034941508216,1]},{"memory":[1,0,0,0,0,0.9781476007338057,-0.20791169081775931,0,0,0.20791169081775931,0.9781476007338057,0,0,12.010150904275037,30.268952853483732,1]},{"memory":[1,0,0,0,0,0.9723699203976766,-0.2334453638559054,0,0,0.2334453638559054,0.9723699203976766,0,0,13.94921722229654,33.856341235088216,1]},{"memory":[1,0,0,0,0,0.9659258262890683,-0.25881904510252074,0,0,0.25881904510252074,0.9659258262890683,0,0,15.981525950945638,37.39174146951898,1]},{"memory":[1,0,0,0,0,0.958819734868193,-0.2840153447039226,0,0,0.2840153447039226,0.958819734868193,0,0,18.1056842473358,40.872730570052504,1]},{"memory":[1,0,0,0,0,0.9510565162951535,-0.3090169943749474,0,0,0.3090169943749474,0.9510565162951535,0,0,20.320236319474787,44.29692284063855,1]},{"memory":[1,0,0,0,0,0.9426414910921784,-0.33380685923377096,0,0,0.33380685923377096,0.9426414910921784,0,0,22.623664423991627,47.66197151093714,1]},{"memory":[1,0,0,0,0,0.9335804264972017,-0.35836794954530027,0,0,0.35836794954530027,0.9335804264972017,0,0,25.01438990632235,50.96557034467751,1]},{"memory":[1,0,0,0,0,0.9238795325112867,-0.3826834323650898,0,0,0.3826834323650898,0.9238795325112867,0,0,27.490774282640757,54.20545522023752,1]},{"memory":[1,0,0,0,0,0.9335804264972017,-0.35836794954530027,0,0,0.35836794954530027,0.9335804264972017,0,0,25.01438990632235,50.96557034467751,1]},{"memory":[1,0,0,0,0,0.9426414910921784,-0.3338068592337709,0,0,0.3338068592337709,0.9426414910921784,0,0,22.623664423991613,47.66197151093713,1]},{"memory":[1,0,0,0,0,0.9510565162951535,-0.3090169943749474,0,0,0.3090169943749474,0.9510565162951535,0,0,20.320236319474787,44.29692284063855,1]},{"memory":[1,0,0,0,0,0.958819734868193,-0.28401534470392265,0,0,0.28401534470392265,0.958819734868193,0,0,18.1056842473358,40.872730570052504,1]},{"memory":[1,0,0,0,0,0.9659258262890683,-0.2588190451025208,0,0,0.2588190451025208,0.9659258262890683,0,0,15.981525950945638,37.39174146951898,1]},{"memory":[1,0,0,0,0,0.9723699203976766,-0.2334453638559054,0,0,0.2334453638559054,0.9723699203976766,0,0,13.94921722229654,33.856341235088216,1]},{"memory":[1,0,0,0,0,0.9781476007338057,-0.20791169081775931,0,0,0.20791169081775931,0.9781476007338057,0,0,12.010150904275037,30.268952853483732,1]},{"memory":[1,0,0,0,0,0.9832549075639546,-0.18223552549214747,0,0,0.18223552549214747,0.9832549075639546,0,0,10.165655936077002,26.632034941508216,1]},{"memory":[1,0,0,0,0,0.9876883405951378,-0.15643446504023087,0,0,0.15643446504023087,0.9876883405951378,0,0,8.41699644241902,22.948080061030417,1]},{"memory":[1,0,0,0,0,0.9914448613738104,-0.1305261922200516,0,0,0.1305261922200516,0.9914448613738104,0,0,6.765370867170617,19.219613010707782,1]},{"memory":[1,0,0,0,0,0.9945218953682733,-0.1045284632676535,0,0,0.1045284632676535,0.9945218953682733,0,0,5.211911152000454,15.449189095615502,1]},{"memory":[1,0,0,0,0,0.996917333733128,-0.07845909572784494,0,0,0.07845909572784494,0.996917333733128,0,0,3.75768196060028,11.639392375968121,1]},{"memory":[1,0,0,0,0,0.9986295347545738,-0.05233595624294379,0,0,0.05233595624294379,0.9986295347545738,0,0,2.4036799490175724,7.792833896133672,1]},{"memory":[1,0,0,0,0,0.9996573249755573,-0.02617694830787313,0,0,0.02617694830787313,0.9996573249755573,0,0,1.1508330825970745,3.9121498951543785,1]},{"memory":[1,0,0,0,0,1,0,0,0,0,1,0,0,0,0,1]},{"memory":[1,0,0,0,0,0.9996573249755573,0.02617694830787313,0,0,-0.02617694830787313,0.9996573249755573,0,0,-1.0480305752642778,-3.9409345972075656,1]},{"memory":[1,0,0,0,0,0.9986295347545738,0.05233595624294379,0,0,-0.05233595624294379,0.9986295347545738,0,0,-1.9925403753897228,-7.9079529767494705,1]},{"memory":[1,0,0,0,0,0.996917333733128,0.07845909572784494,0,0,-0.07845909572784494,0.996917333733128,0,0,-2.8328820805386954,-11.898336342385367,1]},{"memory":[1,0,0,0,0,0.9945218953682733,0.10452846326765344,0,0,-0.10452846326765344,0.9945218953682733,0,0,-3.56847976248244,-15.909349884680537,1]},{"memory":[1,0,0,0,0,0.9914448613738104,0.13052619222005155,0,0,-0.13052619222005155,0.9914448613738104,0,0,-4.198829279313742,-19.938244655307695,1]},{"memory":[1,0,0,0,0,0.9876883405951378,0.15643446504023087,0,0,-0.15643446504023087,0.9876883405951378,0,0,-4.723498620960356,-23.982259451038846,1]},{"memory":[1,0,0,0,0,0.9832549075639546,0.1822355254921474,0,0,-0.1822355254921474,0.9832549075639546,0,0,-5.14212820526339,-28.038622706136017,1]},{"memory":[1,0,0,0,0,0.9781476007338056,0.2079116908177594,0,0,-0.2079116908177594,0.9781476007338056,0,0,-5.454431124416715,-32.104554391844076,1]},{"memory":[1,0,0,0,0,0.9723699203976766,0.2334453638559054,0,0,-0.2334453638559054,0.9723699203976766,0,0,-5.660193341599523,-36.177267921683395,1]},{"memory":[1,0,0,0,0,0.9659258262890683,0.2588190451025208,0,0,-0.2588190451025208,0.9659258262890683,0,0,-5.759273837666115,-40.25397206123725,1]},{"memory":[1,0,0,0,0,0.958819734868193,0.2840153447039227,0,0,-0.2840153447039227,0.958819734868193,0,0,-5.751604707793689,-44.331872841124294,1]},{"memory":[1,0,0,0,0,0.9510565162951535,0.3090169943749474,0,0,-0.3090169943749474,0.9510565162951535,0,0,-5.637191208020823,-48.40817547184567,1]},{"memory":[1,0,0,0,0,0.9426414910921784,0.33380685923377096,0,0,-0.33380685923377096,0.9426414910921784,0,0,-5.416111751645133,-52.48008625919415,1]},{"memory":[1,0,0,0,0,0.9335804264972017,0.3583679495453002,0,0,-0.3583679495453002,0.9335804264972017,0,0,-5.088517855482877,-56.54481451891256,1]},{"memory":[1,0,0,0,0,0.9238795325112867,0.3826834323650898,0,0,-0.3826834323650898,0.9238795325112867,0,0,-4.654634036026778,-60.599574489289424,1]},{"memory":[1,0,0,0,0,0.9335804264972017,0.35836794954530027,0,0,-0.35836794954530027,0.9335804264972017,0,0,-5.088517855482877,-56.54481451891257,1]},{"memory":[1,0,0,0,0,0.9426414910921784,0.3338068592337709,0,0,-0.3338068592337709,0.9426414910921784,0,0,-5.416111751645133,-52.480086259194145,1]},{"memory":[1,0,0,0,0,0.9510565162951535,0.3090169943749474,0,0,-0.3090169943749474,0.9510565162951535,0,0,-5.637191208020823,-48.40817547184567,1]},{"memory":[1,0,0,0,0,0.958819734868193,0.28401534470392265,0,0,-0.28401534470392265,0.958819734868193,0,0,-5.751604707793689,-44.33187284112429,1]},{"memory":[1,0,0,0,0,0.9659258262890683,0.2588190451025208,0,0,-0.2588190451025208,0.9659258262890683,0,0,-5.759273837666115,-40.25397206123725,1]},{"memory":[1,0,0,0,0,0.9723699203976766,0.2334453638559054,0,0,-0.2334453638559054,0.9723699203976766,0,0,-5.660193341599523,-36.177267921683395,1]},{"memory":[1,0,0,0,0,0.9781476007338057,0.20791169081775931,0,0,-0.20791169081775931,0.9781476007338057,0,0,-5.454431124416743,-32.10455439184406,1]},{"memory":[1,0,0,0,0,0.9832549075639546,0.18223552549214747,0,0,-0.18223552549214747,0.9832549075639546,0,0,-5.14212820526339,-28.038622706136028,1]},{"memory":[1,0,0,0,0,0.9876883405951378,0.15643446504023087,0,0,-0.15643446504023087,0.9876883405951378,0,0,-4.723498620960356,-23.982259451038846,1]},{"memory":[1,0,0,0,0,0.9914448613738104,0.1305261922200516,0,0,-0.1305261922200516,0.9914448613738104,0,0,-4.198829279313742,-19.938244655307702,1]},{"memory":[1,0,0,0,0,0.9945218953682733,0.1045284632676535,0,0,-0.1045284632676535,0.9945218953682733,0,0,-3.56847976248244,-15.909349884680545,1]},{"memory":[1,0,0,0,0,0.996917333733128,0.07845909572784494,0,0,-0.07845909572784494,0.996917333733128,0,0,-2.8328820805386954,-11.898336342385367,1]},{"memory":[1,0,0,0,0,0.9986295347545738,0.05233595624294379,0,0,-0.05233595624294379,0.9986295347545738,0,0,-1.9925403753897228,-7.9079529767494705,1]},{"memory":[1,0,0,0,0,0.9996573249755573,0.02617694830787313,0,0,-0.02617694830787313,0.9996573249755573,0,0,-1.0480305752642778,-3.9409345972075656,1]}]},{"id":25,"translation":{"memory":[0,0,0,0]},"rotationRad":{"memory":[0,0,0,0]},"scale":{"memory":[1,1,1,1]},"name":"Front Left Leg","positionArray":[{"memory":[-30,-200,150,1]},{"memory":[-30,-100,150,1]},{"memory":[-130,-100,150,1]},{"memory":[-30,-200,150,1]},{"memory":[-130,-100,150,1]},{"memory":[-130,-200,150,1]},{"memory":[-30,-200,150,1]},{"memory":[-30,-200,50,1]},{"memory":[-30,-100,50,1]},{"memory":[-30,-200,150,1]},{"memory":[-30,-100,50,1]},{"memory":[-30,-100,150,1]},{"memory":[-30,-200,50,1]},{"memory":[-130,-200,50,1]},{"memory":[-130,-100,50,1]},{"memory":[-30,-200,50,1]},{"memory":[-130,-100,50,1]},{"memory":[-30,-100,50,1]},{"memory":[-130,-200,50,1]},{"memory":[-130,-200,150,1]},{"memory":[-130,-100,150,1]},{"memory":[-130,-200,50,1]},{"memory":[-130,-100,150,1]},{"memory":[-130,-100,50,1]},{"memory":[-30,-100,150,1]},{"memory":[-30,-100,50,1]},{"memory":[-130,-100,50,1]},{"memory":[-30,-100,150,1]},{"memory":[-130,-100,50,1]},{"memory":[-130,-100,150,1]},{"memory":[-30,-200,50,1]},{"memory":[-30,-200,150,1]},{"memory":[-130,-200,150,1]},{"memory":[-30,-200,50,1]},{"memory":[-130,-200,150,1]},{"memory":[-130,-200,50,1]}],"texCoordArray":[{"memory":[0.109375,0.625]},{"memory":[0.0625,0.625]},{"memory":[0.0625,0.78125]},{"memory":[0.109375,0.625]},{"memory":[0.0625,0.78125]},{"memory":[0.109375,0.78125]},{"memory":[0.171875,0.625]},{"memory":[0.125,0.625]},{"memory":[0.125,0.78125]},{"memory":[0.171875,0.625]},{"memory":[0.125,0.78125]},{"memory":[0.171875,0.78125]},{"memory":[0.234375,0.625]},{"memory":[0.1875,0.625]},{"memory":[0.1875,0.78125]},{"memory":[0.234375,0.625]},{"memory":[0.1875,0.78125]},{"memory":[0.234375,0.78125]},{"memory":[0.046875,0.625]},{"memory":[0,0.625]},{"memory":[0,0.78125]},{"memory":[0.046875,0.625]},{"memory":[0,0.78125]},{"memory":[0.046875,0.78125]},{"memory":[0.0625,0.5]},{"memory":[0.109375,0.5]},{"memory":[0.109375,0.59375]},{"memory":[0.0625,0.5]},{"memory":[0.109375,0.59375]},{"memory":[0.0625,0.59375]},{"memory":[0.125,0.5]},{"memory":[0.171875,0.5]},{"memory":[0.171875,0.59375]},{"memory":[0.125,0.5]},{"memory":[0.171875,0.59375]},{"memory":[0.125,0.59375]}],"animationMatrix":[{"memory":[1,0,0,0,0,1,0,0,0,0,1,0,0,0,0,1]},{"memory":[1,0,0,0,0,0.9996573249755573,0.02617694830787315,0,0,-0.02617694830787315,0.9996573249755573,0,0,-1.0480305752642778,-3.9409345972075656,1]},{"memory":[1,0,0,0,0,0.9986295347545738,0.05233595624294383,0,0,-0.05233595624294383,0.9986295347545738,0,0,-1.9925403753897228,-7.9079529767494705,1]},{"memory":[1,0,0,0,0,0.996917333733128,0.07845909572784494,0,0,-0.07845909572784494,0.996917333733128,0,0,-2.8328820805386954,-11.898336342385367,1]},{"memory":[1,0,0,0,0,0.9945218953682733,0.10452846326765346,0,0,-0.10452846326765346,0.9945218953682733,0,0,-3.56847976248244,-15.909349884680537,1]},{"memory":[1,0,0,0,0,0.9914448613738104,0.13052619222005157,0,0,-0.13052619222005157,0.9914448613738104,0,0,-4.198829279313742,-19.9382446553077,1]},{"memory":[1,0,0,0,0,0.9876883405951378,0.15643446504023087,0,0,-0.15643446504023087,0.9876883405951378,0,0,-4.723498620960356,-23.982259451038846,1]},{"memory":[1,0,0,0,0,0.9832549075639546,0.18223552549214747,0,0,-0.18223552549214747,0.9832549075639546,0,0,-5.14212820526339,-28.038622706136028,1]},{"memory":[1,0,0,0,0,0.9781476007338057,0.20791169081775931,0,0,-0.20791169081775931,0.9781476007338057,0,0,-5.454431124416743,-32.10455439184406,1]},{"memory":[1,0,0,0,0,0.9723699203976766,0.2334453638559054,0,0,-0.2334453638559054,0.9723699203976766,0,0,-5.660193341599523,-36.177267921683395,1]},{"memory":[1,0,0,0,0,0.9659258262890683,0.25881904510252074,0,0,-0.25881904510252074,0.9659258262890683,0,0,-5.759273837666115,-40.25397206123724,1]},{"memory":[1,0,0,0,0,0.958819734868193,0.2840153447039226,0,0,-0.2840153447039226,0.958819734868193,0,0,-5.751604707793689,-44.33187284112428,1]},{"memory":[1,0,0,0,0,0.9510565162951535,0.3090169943749474,0,0,-0.3090169943749474,0.9510565162951535,0,0,-5.637191208020823,-48.40817547184567,1]},{"memory":[1,0,0,0,0,0.9426414910921784,0.33380685923377096,0,0,-0.33380685923377096,0.9426414910921784,0,0,-5.416111751645133,-52.48008625919415,1]},{"memory":[1,0,0,0,0,0.9335804264972017,0.35836794954530027,0,0,-0.35836794954530027,0.9335804264972017,0,0,-5.088517855482877,-56.54481451891257,1]},{"memory":[1,0,0,0,0,0.9238795325112867,0.3826834323650898,0,0,-0.3826834323650898,0.9238795325112867,0,0,-4.654634036026778,-60.599574489289424,1]},{"memory":[1,0,0,0,0,0.9335804264972017,0.35836794954530027,0,0,-0.35836794954530027,0.9335804264972017,0,0,-5.088517855482877,-56.54481451891257,1]},{"memory":[1,0,0,0,0,0.9426414910921784,0.3338068592337709,0,0,-0.3338068592337709,0.9426414910921784,0,0,-5.416111751645133,-52.480086259194145,1]},{"memory":[1,0,0,0,0,0.9510565162951535,0.3090169943749474,0,0,-0.3090169943749474,0.9510565162951535,0,0,-5.637191208020823,-48.40817547184567,1]},{"memory":[1,0,0,0,0,0.958819734868193,0.28401534470392265,0,0,-0.28401534470392265,0.958819734868193,0,0,-5.751604707793689,-44.33187284112429,1]},{"memory":[1,0,0,0,0,0.9659258262890683,0.2588190451025208,0,0,-0.2588190451025208,0.9659258262890683,0,0,-5.759273837666115,-40.25397206123725,1]},{"memory":[1,0,0,0,0,0.9723699203976766,0.2334453638559054,0,0,-0.2334453638559054,0.9723699203976766,0,0,-5.660193341599523,-36.177267921683395,1]},{"memory":[1,0,0,0,0,0.9781476007338057,0.20791169081775931,0,0,-0.20791169081775931,0.9781476007338057,0,0,-5.454431124416743,-32.10455439184406,1]},{"memory":[1,0,0,0,0,0.9832549075639546,0.18223552549214747,0,0,-0.18223552549214747,0.9832549075639546,0,0,-5.14212820526339,-28.038622706136028,1]},{"memory":[1,0,0,0,0,0.9876883405951378,0.15643446504023087,0,0,-0.15643446504023087,0.9876883405951378,0,0,-4.723498620960356,-23.982259451038846,1]},{"memory":[1,0,0,0,0,0.9914448613738104,0.1305261922200516,0,0,-0.1305261922200516,0.9914448613738104,0,0,-4.198829279313742,-19.938244655307702,1]},{"memory":[1,0,0,0,0,0.9945218953682733,0.1045284632676535,0,0,-0.1045284632676535,0.9945218953682733,0,0,-3.56847976248244,-15.909349884680545,1]},{"memory":[1,0,0,0,0,0.996917333733128,0.07845909572784494,0,0,-0.07845909572784494,0.996917333733128,0,0,-2.8328820805386954,-11.898336342385367,1]},{"memory":[1,0,0,0,0,0.9986295347545738,0.05233595624294379,0,0,-0.05233595624294379,0.9986295347545738,0,0,-1.9925403753897228,-7.9079529767494705,1]},{"memory":[1,0,0,0,0,0.9996573249755573,0.02617694830787313,0,0,-0.02617694830787313,0.9996573249755573,0,0,-1.0480305752642778,-3.9409345972075656,1]},{"memory":[1,0,0,0,0,1,0,0,0,0,1,0,0,0,0,1]},{"memory":[1,0,0,0,0,0.9996573249755573,-0.02617694830787313,0,0,0.02617694830787313,0.9996573249755573,0,0,1.1508330825970745,3.9121498951543785,1]},{"memory":[1,0,0,0,0,0.9986295347545738,-0.05233595624294379,0,0,0.05233595624294379,0.9986295347545738,0,0,2.4036799490175724,7.792833896133672,1]},{"memory":[1,0,0,0,0,0.996917333733128,-0.07845909572784494,0,0,0.07845909572784494,0.996917333733128,0,0,3.75768196060028,11.639392375968121,1]},{"memory":[1,0,0,0,0,0.9945218953682733,-0.10452846326765344,0,0,0.10452846326765344,0.9945218953682733,0,0,5.211911152000454,15.449189095615495,1]},{"memory":[1,0,0,0,0,0.9914448613738104,-0.13052619222005155,0,0,0.13052619222005155,0.9914448613738104,0,0,6.765370867170617,19.219613010707768,1]},{"memory":[1,0,0,0,0,0.9876883405951378,-0.15643446504023087,0,0,0.15643446504023087,0.9876883405951378,0,0,8.41699644241902,22.948080061030417,1]},{"memory":[1,0,0,0,0,0.9832549075639546,-0.1822355254921474,0,0,0.1822355254921474,0.9832549075639546,0,0,10.165655936077002,26.632034941508202,1]},{"memory":[1,0,0,0,0,0.9781476007338056,-0.2079116908177594,0,0,0.2079116908177594,0.9781476007338056,0,0,12.010150904275065,30.268952853483746,1]},{"memory":[1,0,0,0,0,0.9723699203976766,-0.2334453638559054,0,0,0.2334453638559054,0.9723699203976766,0,0,13.94921722229654,33.856341235088216,1]},{"memory":[1,0,0,0,0,0.9659258262890683,-0.2588190451025208,0,0,0.2588190451025208,0.9659258262890683,0,0,15.981525950945638,37.39174146951898,1]},{"memory":[1,0,0,0,0,0.958819734868193,-0.2840153447039227,0,0,0.2840153447039227,0.958819734868193,0,0,18.1056842473358,40.872730570052504,1]},{"memory":[1,0,0,0,0,0.9510565162951535,-0.3090169943749474,0,0,0.3090169943749474,0.9510565162951535,0,0,20.320236319474787,44.29692284063855,1]},{"memory":[1,0,0,0,0,0.9426414910921784,-0.33380685923377096,0,0,0.33380685923377096,0.9426414910921784,0,0,22.623664423991627,47.66197151093714,1]},{"memory":[1,0,0,0,0,0.9335804264972017,-0.3583679495453002,0,0,0.3583679495453002,0.9335804264972017,0,0,25.01438990632235,50.965570344677495,1]},{"memory":[1,0,0,0,0,0.9238795325112867,-0.3826834323650898,0,0,0.3826834323650898,0.9238795325112867,0,0,27.490774282640757,54.20545522023752,1]},{"memory":[1,0,0,0,0,0.9335804264972017,-0.35836794954530027,0,0,0.35836794954530027,0.9335804264972017,0,0,25.01438990632235,50.96557034467751,1]},{"memory":[1,0,0,0,0,0.9426414910921784,-0.3338068592337709,0,0,0.3338068592337709,0.9426414910921784,0,0,22.623664423991613,47.66197151093713,1]},{"memory":[1,0,0,0,0,0.9510565162951535,-0.3090169943749474,0,0,0.3090169943749474,0.9510565162951535,0,0,20.320236319474787,44.29692284063855,1]},{"memory":[1,0,0,0,0,0.958819734868193,-0.28401534470392265,0,0,0.28401534470392265,0.958819734868193,0,0,18.1056842473358,40.872730570052504,1]},{"memory":[1,0,0,0,0,0.9659258262890683,-0.2588190451025208,0,0,0.2588190451025208,0.9659258262890683,0,0,15.981525950945638,37.39174146951898,1]},{"memory":[1,0,0,0,0,0.9723699203976766,-0.2334453638559054,0,0,0.2334453638559054,0.9723699203976766,0,0,13.94921722229654,33.856341235088216,1]},{"memory":[1,0,0,0,0,0.9781476007338057,-0.20791169081775931,0,0,0.20791169081775931,0.9781476007338057,0,0,12.010150904275037,30.268952853483732,1]},{"memory":[1,0,0,0,0,0.9832549075639546,-0.18223552549214747,0,0,0.18223552549214747,0.9832549075639546,0,0,10.165655936077002,26.632034941508216,1]},{"memory":[1,0,0,0,0,0.9876883405951378,-0.15643446504023087,0,0,0.15643446504023087,0.9876883405951378,0,0,8.41699644241902,22.948080061030417,1]},{"memory":[1,0,0,0,0,0.9914448613738104,-0.1305261922200516,0,0,0.1305261922200516,0.9914448613738104,0,0,6.765370867170617,19.219613010707782,1]},{"memory":[1,0,0,0,0,0.9945218953682733,-0.1045284632676535,0,0,0.1045284632676535,0.9945218953682733,0,0,5.211911152000454,15.449189095615502,1]},{"memory":[1,0,0,0,0,0.996917333733128,-0.07845909572784494,0,0,0.07845909572784494,0.996917333733128,0,0,3.75768196060028,11.639392375968121,1]},{"memory":[1,0,0,0,0,0.9986295347545738,-0.05233595624294379,0,0,0.05233595624294379,0.9986295347545738,0,0,2.4036799490175724,7.792833896133672,1]},{"memory":[1,0,0,0,0,0.9996573249755573,-0.02617694830787313,0,0,0.02617694830787313,0.9996573249755573,0,0,1.1508330825970745,3.9121498951543785,1]}]},{"id":26,"translation":{"memory":[0,0,0,0]},"rotationRad":{"memory":[0,0,0,0]},"scale":{"memory":[1,1,1,1]},"name":"Back Right Leg","positionArray":[{"memory":[130,-200,-50,1]},{"memory":[130,-100,-50,1]},{"memory":[30,-100,-50,1]},{"memory":[130,-200,-50,1]},{"memory":[30,-100,-50,1]},{"memory":[30,-200,-50,1]},{"memory":[130,-200,-50,1]},{"memory":[130,-200,-150,1]},{"memory":[130,-100,-150,1]},{"memory":[130,-200,-50,1]},{"memory":[130,-100,-150,1]},{"memory":[130,-100,-50,1]},{"memory":[130,-200,-150,1]},{"memory":[30,-200,-150,1]},{"memory":[30,-100,-150,1]},{"memory":[130,-200,-150,1]},{"memory":[30,-100,-150,1]},{"memory":[130,-100,-150,1]},{"memory":[30,-200,-150,1]},{"memory":[30,-200,-50,1]},{"memory":[30,-100,-50,1]},{"memory":[30,-200,-150,1]},{"memory":[30,-100,-50,1]},{"memory":[30,-100,-150,1]},{"memory":[130,-100,-50,1]},{"memory":[130,-100,-150,1]},{"memory":[30,-100,-150,1]},{"memory":[130,-100,-50,1]},{"memory":[30,-100,-150,1]},{"memory":[30,-100,-50,1]},{"memory":[130,-200,-150,1]},{"memory":[130,-200,-50,1]},{"memory":[30,-200,-50,1]},{"memory":[130,-200,-150,1]},{"memory":[30,-200,-50,1]},{"memory":[30,-200,-150,1]}],"texCoordArray":[{"memory":[0.109375,0.625]},{"memory":[0.0625,0.625]},{"memory":[0.0625,0.78125]},{"memory":[0.109375,0.625]},{"memory":[0.0625,0.78125]},{"memory":[0.109375,0.78125]},{"memory":[0.171875,0.625]},{"memory":[0.125,0.625]},{"memory":[0.125,0.78125]},{"memory":[0.171875,0.625]},{"memory":[0.125,0.78125]},{"memory":[0.171875,0.78125]},{"memory":[0.234375,0.625]},{"memory":[0.1875,0.625]},{"memory":[0.1875,0.78125]},{"memory":[0.234375,0.625]},{"memory":[0.1875,0.78125]},{"memory":[0.234375,0.78125]},{"memory":[0.046875,0.625]},{"memory":[0,0.625]},{"memory":[0,0.78125]},{"memory":[0.046875,0.625]},{"memory":[0,0.78125]},{"memory":[0.046875,0.78125]},{"memory":[0.0625,0.5]},{"memory":[0.109375,0.5]},{"memory":[0.109375,0.59375]},{"memory":[0.0625,0.5]},{"memory":[0.109375,0.59375]},{"memory":[0.0625,0.59375]},{"memory":[0.125,0.5]},{"memory":[0.171875,0.5]},{"memory":[0.171875,0.59375]},{"memory":[0.125,0.5]},{"memory":[0.171875,0.59375]},{"memory":[0.125,0.59375]}],"animationMatrix":[{"memory":[1,0,0,0,0,1,0,0,0,0,1,0,0,0,0,1]},{"memory":[1,0,0,0,0,0.9996573249755573,-0.02617694830787315,0,0,0.02617694830787315,0.9996573249755573,0,0,1.1508330825970745,3.9121498951543785,1]},{"memory":[1,0,0,0,0,0.9986295347545738,-0.05233595624294383,0,0,0.05233595624294383,0.9986295347545738,0,0,2.4036799490175724,7.792833896133672,1]},{"memory":[1,0,0,0,0,0.996917333733128,-0.07845909572784494,0,0,0.07845909572784494,0.996917333733128,0,0,3.75768196060028,11.639392375968121,1]},{"memory":[1,0,0,0,0,0.9945218953682733,-0.10452846326765346,0,0,0.10452846326765346,0.9945218953682733,0,0,5.211911152000454,15.449189095615495,1]},{"memory":[1,0,0,0,0,0.9914448613738104,-0.13052619222005157,0,0,0.13052619222005157,0.9914448613738104,0,0,6.765370867170617,19.219613010707775,1]},{"memory":[1,0,0,0,0,0.9876883405951378,-0.15643446504023087,0,0,0.15643446504023087,0.9876883405951378,0,0,8.41699644241902,22.948080061030417,1]},{"memory":[1,0,0,0,0,0.9832549075639546,-0.18223552549214747,0,0,0.18223552549214747,0.9832549075639546,0,0,10.165655936077002,26.632034941508216,1]},{"memory":[1,0,0,0,0,0.9781476007338057,-0.20791169081775931,0,0,0.20791169081775931,0.9781476007338057,0,0,12.010150904275037,30.268952853483732,1]},{"memory":[1,0,0,0,0,0.9723699203976766,-0.2334453638559054,0,0,0.2334453638559054,0.9723699203976766,0,0,13.94921722229654,33.856341235088216,1]},{"memory":[1,0,0,0,0,0.9659258262890683,-0.25881904510252074,0,0,0.25881904510252074,0.9659258262890683,0,0,15.981525950945638,37.39174146951898,1]},{"memory":[1,0,0,0,0,0.958819734868193,-0.2840153447039226,0,0,0.2840153447039226,0.958819734868193,0,0,18.1056842473358,40.872730570052504,1]},{"memory":[1,0,0,0,0,0.9510565162951535,-0.3090169943749474,0,0,0.3090169943749474,0.9510565162951535,0,0,20.320236319474787,44.29692284063855,1]},{"memory":[1,0,0,0,0,0.9426414910921784,-0.33380685923377096,0,0,0.33380685923377096,0.9426414910921784,0,0,22.623664423991627,47.66197151093714,1]},{"memory":[1,0,0,0,0,0.9335804264972017,-0.35836794954530027,0,0,0.35836794954530027,0.9335804264972017,0,0,25.01438990632235,50.96557034467751,1]},{"memory":[1,0,0,0,0,0.9238795325112867,-0.3826834323650898,0,0,0.3826834323650898,0.9238795325112867,0,0,27.490774282640757,54.20545522023752,1]},{"memory":[1,0,0,0,0,0.9335804264972017,-0.35836794954530027,0,0,0.35836794954530027,0.9335804264972017,0,0,25.01438990632235,50.96557034467751,1]},{"memory":[1,0,0,0,0,0.9426414910921784,-0.3338068592337709,0,0,0.3338068592337709,0.9426414910921784,0,0,22.623664423991613,47.66197151093713,1]},{"memory":[1,0,0,0,0,0.9510565162951535,-0.3090169943749474,0,0,0.3090169943749474,0.9510565162951535,0,0,20.320236319474787,44.29692284063855,1]},{"memory":[1,0,0,0,0,0.958819734868193,-0.28401534470392265,0,0,0.28401534470392265,0.958819734868193,0,0,18.1056842473358,40.872730570052504,1]},{"memory":[1,0,0,0,0,0.9659258262890683,-0.2588190451025208,0,0,0.2588190451025208,0.9659258262890683,0,0,15.981525950945638,37.39174146951898,1]},{"memory":[1,0,0,0,0,0.9723699203976766,-0.2334453638559054,0,0,0.2334453638559054,0.9723699203976766,0,0,13.94921722229654,33.856341235088216,1]},{"memory":[1,0,0,0,0,0.9781476007338057,-0.20791169081775931,0,0,0.20791169081775931,0.9781476007338057,0,0,12.010150904275037,30.268952853483732,1]},{"memory":[1,0,0,0,0,0.9832549075639546,-0.18223552549214747,0,0,0.18223552549214747,0.9832549075639546,0,0,10.165655936077002,26.632034941508216,1]},{"memory":[1,0,0,0,0,0.9876883405951378,-0.15643446504023087,0,0,0.15643446504023087,0.9876883405951378,0,0,8.41699644241902,22.948080061030417,1]},{"memory":[1,0,0,0,0,0.9914448613738104,-0.1305261922200516,0,0,0.1305261922200516,0.9914448613738104,0,0,6.765370867170617,19.219613010707782,1]},{"memory":[1,0,0,0,0,0.9945218953682733,-0.1045284632676535,0,0,0.1045284632676535,0.9945218953682733,0,0,5.211911152000454,15.449189095615502,1]},{"memory":[1,0,0,0,0,0.996917333733128,-0.07845909572784494,0,0,0.07845909572784494,0.996917333733128,0,0,3.75768196060028,11.639392375968121,1]},{"memory":[1,0,0,0,0,0.9986295347545738,-0.05233595624294379,0,0,0.05233595624294379,0.9986295347545738,0,0,2.4036799490175724,7.792833896133672,1]},{"memory":[1,0,0,0,0,0.9996573249755573,-0.02617694830787313,0,0,0.02617694830787313,0.9996573249755573,0,0,1.1508330825970745,3.9121498951543785,1]},{"memory":[1,0,0,0,0,1,0,0,0,0,1,0,0,0,0,1]},{"memory":[1,0,0,0,0,0.9996573249755573,0.02617694830787313,0,0,-0.02617694830787313,0.9996573249755573,0,0,-1.0480305752642778,-3.9409345972075656,1]},{"memory":[1,0,0,0,0,0.9986295347545738,0.05233595624294379,0,0,-0.05233595624294379,0.9986295347545738,0,0,-1.9925403753897228,-7.9079529767494705,1]},{"memory":[1,0,0,0,0,0.996917333733128,0.07845909572784494,0,0,-0.07845909572784494,0.996917333733128,0,0,-2.8328820805386954,-11.898336342385367,1]},{"memory":[1,0,0,0,0,0.9945218953682733,0.10452846326765344,0,0,-0.10452846326765344,0.9945218953682733,0,0,-3.56847976248244,-15.909349884680537,1]},{"memory":[1,0,0,0,0,0.9914448613738104,0.13052619222005155,0,0,-0.13052619222005155,0.9914448613738104,0,0,-4.198829279313742,-19.938244655307695,1]},{"memory":[1,0,0,0,0,0.9876883405951378,0.15643446504023087,0,0,-0.15643446504023087,0.9876883405951378,0,0,-4.723498620960356,-23.982259451038846,1]},{"memory":[1,0,0,0,0,0.9832549075639546,0.1822355254921474,0,0,-0.1822355254921474,0.9832549075639546,0,0,-5.14212820526339,-28.038622706136017,1]},{"memory":[1,0,0,0,0,0.9781476007338056,0.2079116908177594,0,0,-0.2079116908177594,0.9781476007338056,0,0,-5.454431124416715,-32.104554391844076,1]},{"memory":[1,0,0,0,0,0.9723699203976766,0.2334453638559054,0,0,-0.2334453638559054,0.9723699203976766,0,0,-5.660193341599523,-36.177267921683395,1]},{"memory":[1,0,0,0,0,0.9659258262890683,0.2588190451025208,0,0,-0.2588190451025208,0.9659258262890683,0,0,-5.759273837666115,-40.25397206123725,1]},{"memory":[1,0,0,0,0,0.958819734868193,0.2840153447039227,0,0,-0.2840153447039227,0.958819734868193,0,0,-5.751604707793689,-44.331872841124294,1]},{"memory":[1,0,0,0,0,0.9510565162951535,0.3090169943749474,0,0,-0.3090169943749474,0.9510565162951535,0,0,-5.637191208020823,-48.40817547184567,1]},{"memory":[1,0,0,0,0,0.9426414910921784,0.33380685923377096,0,0,-0.33380685923377096,0.9426414910921784,0,0,-5.416111751645133,-52.48008625919415,1]},{"memory":[1,0,0,0,0,0.9335804264972017,0.3583679495453002,0,0,-0.3583679495453002,0.9335804264972017,0,0,-5.088517855482877,-56.54481451891256,1]},{"memory":[1,0,0,0,0,0.9238795325112867,0.3826834323650898,0,0,-0.3826834323650898,0.9238795325112867,0,0,-4.654634036026778,-60.599574489289424,1]},{"memory":[1,0,0,0,0,0.9335804264972017,0.35836794954530027,0,0,-0.35836794954530027,0.9335804264972017,0,0,-5.088517855482877,-56.54481451891257,1]},{"memory":[1,0,0,0,0,0.9426414910921784,0.3338068592337709,0,0,-0.3338068592337709,0.9426414910921784,0,0,-5.416111751645133,-52.480086259194145,1]},{"memory":[1,0,0,0,0,0.9510565162