{"totalAnimationFrames":30,"animationMatrixPath":"","name":"steve","topLevelComponents":[{"id":6,"translation":{"memory":[0,0,0,0]},"rotationRad":{"memory":[0,0,0,0]},"scale":{"memory":[1,1,1,1]},"name":"Body","children":[{"id":7,"translation":{"memory":[0,0,0,0]},"rotationRad":{"memory":[0,0,0,0]},"scale":{"memory":[1,1,1,1]},"name":"Head","positionArray":[{"memory":[100,225,100,1]},{"memory":[100,425,100,1]},{"memory":[-100,425,100,1]},{"memory":[100,225,100,1]},{"memory":[-100,425,100,1]},{"memory":[-100,225,100,1]},{"memory":[100,225,100,1]},{"memory":[100,225,-100,1]},{"memory":[100,425,-100,1]},{"memory":[100,225,100,1]},{"memory":[100,425,-100,1]},{"memory":[100,425,100,1]},{"memory":[100,225,-100,1]},{"memory":[-100,225,-100,1]},{"memory":[-100,425,-100,1]},{"memory":[100,225,-100,1]},{"memory":[-100,425,-100,1]},{"memory":[100,425,-100,1]},{"memory":[-100,225,-100,1]},{"memory":[-100,225,100,1]},{"memory":[-100,425,100,1]},{"memory":[-100,225,-100,1]},{"memory":[-100,425,100,1]},{"memory":[-100,425,-100,1]},{"memory":[100,425,100,1]},{"memory":[100,425,-100,1]},{"memory":[-100,425,-100,1]},{"memory":[100,425,100,1]},{"memory":[-100,425,-100,1]},{"memory":[-100,425,100,1]},{"memory":[100,225,-100,1]},{"memory":[100,225,100,1]},{"memory":[-100,225,100,1]},{"memory":[100,225,-100,1]},{"memory":[-100,225,100,1]},{"memory":[-100,225,-100,1]}],"texCoordArray":[{"memory":[0.25396825396825395,0.23809523809523808]},{"memory":[0.23809523809523808,0.12698412698412698]},{"memory":[0.12698412698412698,0.12698412698412698]},{"memory":[0.25396825396825395,0.23809523809523808]},{"memory":[0.12698412698412698,0.12698412698412698]},{"memory":[0.12698412698412698,0.23809523809523808]},{"memory":[0.23809523809523808,0.23809523809523808]},{"memory":[0.36507936507936506,0.23809523809523808]},{"memory":[0.36507936507936506,0.12698412698412698]},{"memory":[0.23809523809523808,0.23809523809523808]},{"memory":[0.36507936507936506,0.12698412698412698]},{"memory":[0.23809523809523808,0.12698412698412698]},{"memory":[0.38095238095238093,0.23809523809523808]},{"memory":[0.49206349206349204,0.23809523809523808]},{"memory":[0.49206349206349204,0.12698412698412698]},{"memory":[0.38095238095238093,0.23809523809523808]},{"memory":[0.49206349206349204,0.12698412698412698]},{"memory":[0.38095238095238093,0.12698412698412698]},{"memory":[0,0.23809523809523808]},{"memory":[0.1111111111111111,0.23809523809523808]},{"memory":[0.1111111111111111,0.12698412698412698]},{"memory":[0,0.23809523809523808]},{"memory":[0.1111111111111111,0.12698412698412698]},{"memory":[0,0.12698412698412698]},{"memory":[0.23809523809523808,0]},{"memory":[0.12698412698412698,0]},{"memory":[0.12698412698412698,0.1111111111111111]},{"memory":[0.23809523809523808,0]},{"memory":[0.12698412698412698,0.1111111111111111]},{"memory":[0.23809523809523808,0.1111111111111111]},{"memory":[0.25396825396825395,0.1111111111111111]},{"memory":[0.25396825396825395,0]},{"memory":[0.36507936507936506,0]},{"memory":[0.25396825396825395,0.1111111111111111]},{"memory":[0.36507936507936506,0]},{"memory":[0.36507936507936506,0.1111111111111111]}]},{"id":10,"translation":{"memory":[0,0,0,0]},"rotationRad":{"memory":[0,0,0,0]},"scale":{"memory":[1,1,1,1]},"name":"Left Arm","positionArray":[{"memory":[-100,-100,50,1]},{"memory":[-100,225,50,1]},{"memory":[-200,225,50,1]},{"memory":[-100,-100,50,1]},{"memory":[-200,225,50,1]},{"memory":[-200,-100,50,1]},{"memory":[-100,-100,50,1]},{"memory":[-100,-100,-50,1]},{"memory":[-100,225,-50,1]},{"memory":[-100,-100,50,1]},{"memory":[-100,225,-50,1]},{"memory":[-100,225,50,1]},{"memory":[-100,-100,-50,1]},{"memory":[-200,-100,-50,1]},{"memory":[-200,225,-50,1]},{"memory":[-100,-100,-50,1]},{"memory":[-200,225,-50,1]},{"memory":[-100,225,-50,1]},{"memory":[-200,-100,-50,1]},{"memory":[-200,-100,50,1]},{"memory":[-200,225,50,1]},{"memory":[-200,-100,-50,1]},{"memory":[-200,225,50,1]},{"memory":[-200,225,-50,1]},{"memory":[-100,225,50,1]},{"memory":[-100,225,-50,1]},{"memory":[-200,225,-50,1]},{"memory":[-100,225,50,1]},{"memory":[-200,225,-50,1]},{"memory":[-200,225,50,1]},{"memory":[-100,-100,-50,1]},{"memory":[-100,-100,50,1]},{"memory":[-200,-100,50,1]},{"memory":[-100,-100,-50,1]},{"memory":[-200,-100,50,1]},{"memory":[-200,-100,-50,1]}],"texCoordArray":[{"memory":[0.746031746031746,0.49206349206349204]},{"memory":[0.746031746031746,0.31746031746031744]},{"memory":[0.6984126984126984,0.31746031746031744]},{"memory":[0.746031746031746,0.49206349206349204]},{"memory":[0.6984126984126984,0.31746031746031744]},{"memory":[0.6984126984126984,0.49206349206349204]},{"memory":[0.6349206349206349,0.49206349206349204]},{"memory":[0.6825396825396826,0.49206349206349204]},{"memory":[0.6825396825396826,0.31746031746031744]},{"memory":[0.6349206349206349,0.49206349206349204]},{"memory":[0.6825396825396826,0.31746031746031744]},{"memory":[0.6349206349206349,0.31746031746031744]},{"memory":[0.6984126984126984,0.49206349206349204]},{"memory":[0.746031746031746,0.49206349206349204]},{"memory":[0.746031746031746,0.31746031746031744]},{"memory":[0.6984126984126984,0.49206349206349204]},{"memory":[0.746031746031746,0.31746031746031744]},{"memory":[0.6984126984126984,0.31746031746031744]},{"memory":[0.6349206349206349,0.49206349206349204]},{"memory":[0.6825396825396826,0.49206349206349204]},{"memory":[0.6825396825396826,0.31746031746031744]},{"memory":[0.6349206349206349,0.49206349206349204]},{"memory":[0.6825396825396826,0.31746031746031744]},{"memory":[0.6349206349206349,0.31746031746031744]},{"memory":[0.746031746031746,0.25396825396825395]},{"memory":[0.6984126984126984,0.25396825396825395]},{"memory":[0.6984126984126984,0.30158730158730157]},{"memory":[0.746031746031746,0.25396825396825395]},{"memory":[0.6984126984126984,0.30158730158730157]},{"memory":[0.746031746031746,0.30158730158730157]},{"memory":[0.7619047619047619,0.30158730158730157]},{"memory":[0.7619047619047619,0.25396825396825395]},{"memory":[0.8095238095238095,0.25396825396825395]},{"memory":[0.7619047619047619,0.30158730158730157]},{"memory":[0.8095238095238095,0.25396825396825395]},{"memory":[0.8095238095238095,0.30158730158730157]}],"animationMatrix":[{"memory":[1,0,0,0,0,1,0,0,0,0,1,0,0,0,0,1]},{"memory":[1,0,0,0,0,0.9868676176919929,0.16153112749848106,0,0,-0.16153112749848106,0.9868676176919929,0,0,0,0,1]},{"memory":[1,0,0,0,0,0.9478153896981389,0.3188196779550551,0,0,-0.3188196779550551,0.9478153896981389,0,0,0,0,1]},{"memory":[1,0,0,0,0,0.9976992847781387,-0.06779481656579929,0,0,0.06779481656579929,0.9976992847781387,0,0,0,0,1]},{"memory":[1,0,0,0,0,0.9736461431835808,-0.2280639994907969,0,0,0.2280639994907969,0.9736461431835808,0,0,0,0,1]},{"memory":[1,0,0,0,0,0.9240204148190159,-0.3823431351517819,0,0,0.3823431351517819,0.9240204148190159,0,0,0,0,1]},{"memory":[1,0,0,0,0,0.9908077256936193,0.1352776799987261,0,0,-0.1352776799987261,0.9908077256936193,0,0,0,0,1]},{"memory":[1,0,0,0,0,0.9559445036705106,0.29354745085273865,0,0,-0.29354745085273865,0.9559445036705106,0,0,0,0,1]},{"memory":[1,0,0,0,0,0.9991473335695232,-0.04128687225876863,0,0,0.04128687225876863,0.9991473335695232,0,0,0,0,1]},{"memory":[1,0,0,0,0,0.9793570337762177,-0.20213807259655067,0,0,0.20213807259655067,0.9793570337762177,0,0,0,0,1]},{"memory":[1,0,0,0,0,0.9338441520157419,-0.3576801640376495,0,0,0.3576801640376495,0.9338441520157419,0,0,0,0,1]},{"memory":[1,0,0,0,0,0.994049544158939,0.10892889312485314,0,0,-0.10892889312485314,0.994049544158939,0,0,0,0,1]},{"memory":[1,0,0,0,0,0.9633998985883245,0.26806834091329407,0,0,-0.26806834091329407,0.9633998985883245,0,0,0,0,1]},{"memory":[1,0,0,0,0,0.9998912153361987,-0.014749830287138171,0,0,0.014749830287138171,0.9998912153361987,0,0,0,0,1]},{"memory":[1,0,0,0,0,0.9843777049132932,-0.17606968526591196,0,0,0.17606968526591196,0.9843777049132932,0,0,0,0,1]},{"memory":[1,0,0,0,0,0.9430097457775879,-0.33276511140516085,0,0,0.33276511140516085,0.9430097457775879,0,0,0,0,1]},{"memory":[1,0,0,0,0,0.9965907883581763,0.08250333665754839,0,0,-0.08250333665754839,0.9965907883581763,0,0,0,0,1]},{"memory":[1,0,0,0,0,0.9701763201281379,0.24240030499697157,0,0,-0.24240030499697157,0.9701763201281379,0,0,0,0,1]},{"memory":[1,0,0,0,0,0.9182803992139033,0.3959306863827992,0,0,-0.3959306863827992,0.9182803992139033,0,0,0,0,1]},{"memory":[1,0,0,0,0,0.988704618186669,-0.14987720966295387,0,0,0.14987720966295387,0.988704618186669,0,0,0,0,1]},{"memory":[1,0,0,0,0,0.9515107364877663,-0.3076155365850505,0,0,0.3076155365850505,0.9515107364877663,0,0,0,0,1]},{"memory":[1,0,0,0,0,0.9984296673038494,0.05601963448224765,0,0,-0.05601963448224765,0.9984296673038494,0,0,0,0,1]},{"memory":[1,0,0,0,0,0.9762689924851886,0.21656143311299608,0,0,-0.21656143311299608,0.9762689924851886,0,0,0,0,1]},{"memory":[1,0,0,0,0,0.9284668423769911,0.37141529667812495,0,0,-0.37141529667812495,0.9284668423769911,0,0,0,0,1]},{"memory":[1,0,0,0,0,0.9923347241265185,-0.12357910540518773,0,0,0.12357910540518773,0.9923347241265185,0,0,0,0,1]},{"memory":[1,0,0,0,0,0.9593411329204247,-0.282249164191776,0,0,0.282249164191776,0.9593411329204247,0,0,0,0,1]},{"memory":[1,0,0,0,0,0.9995648850130012,0.02949645146361852,0,0,-0.02949645146361852,0.9995648850130012,0,0,0,0,1]},{"memory":[1,0,0,0,0,0.9816736217392288,0.19056993567030836,0,0,-0.19056993567030836,0.9816736217392288,0,0,0,0,1]},{"memory":[1,0,0,0,0,0.9379989318607255,0.3466381453737286,0,0,-0.3466381453737286,0.9379989318607255,0,0,0,0,1]},{"memory":[1,0,0,0,0,0.9952654643504958,-0.09719390655381595,0,0,0.09719390655381595,0.9952654643504958,0,0,0,0,1]}]},{"id":11,"translation":{"memory":[0,0,0,0]},"rotationRad":{"memory":[0,0,0,0]},"scale":{"memory":[1,1,1,1]},"name":"Right Arm","positionArray":[{"memory":[200,-100,50,1]},{"memory":[200,225,50,1]},{"memory":[100,225,50,1]},{"memory":[200,-100,50,1]},{"memory":[100,225,50,1]},{"memory":[100,-100,50,1]},{"memory":[200,-100,50,1]},{"memory":[200,-100,-50,1]},{"memory":[200,225,-50,1]},{"memory":[200,-100,50,1]},{"memory":[200,225,-50,1]},{"memory":[200,225,50,1]},{"memory":[200,-100,-50,1]},{"memory":[100,-100,-50,1]},{"memory":[100,225,-50,1]},{"memory":[200,-100,-50,1]},{"memory":[100,225,-50,1]},{"memory":[200,225,-50,1]},{"memory":[100,-100,-50,1]},{"memory":[100,-100,50,1]},{"memory":[100,225,50,1]},{"memory":[100,-100,-50,1]},{"memory":[100,225,50,1]},{"memory":[100,225,-50,1]},{"memory":[200,225,50,1]},{"memory":[200,225,-50,1]},{"memory":[100,225,-50,1]},{"memory":[200,225,50,1]},{"memory":[100,225,-50,1]},{"memory":[100,225,50,1]},{"memory":[200,-100,-50,1]},{"memory":[200,-100,50,1]},{"memory":[100,-100,50,1]},{"memory":[200,-100,-50,1]},{"memory":[100,-100,50,1]},{"memory":[100,-100,-50,1]}],"texCoordArray":[{"memory":[0.746031746031746,0.49206349206349204]},{"memory":[0.746031746031746,0.31746031746031744]},{"memory":[0.6984126984126984,0.31746031746031744]},{"memory":[0.746031746031746,0.49206349206349204]},{"memory":[0.6984126984126984,0.31746031746031744]},{"memory":[0.6984126984126984,0.49206349206349204]},{"memory":[0.6349206349206349,0.49206349206349204]},{"memory":[0.6825396825396826,0.49206349206349204]},{"memory":[0.6825396825396826,0.31746031746031744]},{"memory":[0.6349206349206349,0.49206349206349204]},{"memory":[0.6825396825396826,0.31746031746031744]},{"memory":[0.6349206349206349,0.31746031746031744]},{"memory":[0.6984126984126984,0.49206349206349204]},{"memory":[0.746031746031746,0.49206349206349204]},{"memory":[0.746031746031746,0.31746031746031744]},{"memory":[0.6984126984126984,0.49206349206349204]},{"memory":[0.746031746031746,0.31746031746031744]},{"memory":[0.6984126984126984,0.31746031746031744]},{"memory":[0.6349206349206349,0.49206349206349204]},{"memory":[0.6825396825396826,0.49206349206349204]},{"memory":[0.6825396825396826,0.31746031746031744]},{"memory":[0.6349206349206349,0.49206349206349204]},{"memory":[0.6825396825396826,0.31746031746031744]},{"memory":[0.6349206349206349,0.31746031746031744]},{"memory":[0.746031746031746,0.25396825396825395]},{"memory":[0.6984126984126984,0.25396825396825395]},{"memory":[0.6984126984126984,0.30158730158730157]},{"memory":[0.746031746031746,0.25396825396825395]},{"memory":[0.6984126984126984,0.30158730158730157]},{"memory":[0.746031746031746,0.30158730158730157]},{"memory":[0.7619047619047619,0.30158730158730157]},{"memory":[0.7619047619047619,0.25396825396825395]},{"memory":[0.8095238095238095,0.25396825396825395]},{"memory":[0.7619047619047619,0.30158730158730157]},{"memory":[0.8095238095238095,0.25396825396825395]},{"memory":[0.8095238095238095,0.30158730158730157]}],"animationMatrix":[{"memory":[1,0,0,0,0,1,0,0,0,0,1,0,0,0,0,1]},{"memory":[1,0,0,0,0,0.9868676176919929,-0.16153112749848106,0,0,0.16153112749848106,0.9868676176919929,0,0,0,0,1]},{"memory":[1,0,0,0,0,0.9478153896981389,-0.3188196779550551,0,0,0.3188196779550551,0.9478153896981389,0,0,0,0,1]},{"memory":[1,0,0,0,0,0.9976992847781387,0.06779481656579929,0,0,-0.06779481656579929,0.9976992847781387,0,0,0,0,1]},{"memory":[1,0,0,0,0,0.9736461431835808,0.2280639994907969,0,0,-0.2280639994907969,0.9736461431835808,0,0,0,0,1]},{"memory":[1,0,0,0,0,0.9240204148190159,0.3823431351517819,0,0,-0.3823431351517819,0.9240204148190159,0,0,0,0,1]},{"memory":[1,0,0,0,0,0.9908077256936193,-0.1352776799987261,0,0,0.1352776799987261,0.9908077256936193,0,0,0,0,1]},{"memory":[1,0,0,0,0,0.9559445036705106,-0.29354745085273865,0,0,0.29354745085273865,0.9559445036705106,0,0,0,0,1]},{"memory":[1,0,0,0,0,0.9991473335695232,0.04128687225876863,0,0,-0.04128687225876863,0.9991473335695232,0,0,0,0,1]},{"memory":[1,0,0,0,0,0.9793570337762177,0.20213807259655067,0,0,-0.20213807259655067,0.9793570337762177,0,0,0,0,1]},{"memory":[1,0,0,0,0,0.9338441520157419,0.3576801640376495,0,0,-0.3576801640376495,0.9338441520157419,0,0,0,0,1]},{"memory":[1,0,0,0,0,0.994049544158939,-0.10892889312485314,0,0,0.10892889312485314,0.994049544158939,0,0,0,0,1]},{"memory":[1,0,0,0,0,0.9633998985883245,-0.26806834091329407,0,0,0.26806834091329407,0.9633998985883245,0,0,0,0,1]},{"memory":[1,0,0,0,0,0.9998912153361987,0.014749830287138171,0,0,-0.014749830287138171,0.9998912153361987,0,0,0,0,1]},{"memory":[1,0,0,0,0,0.9843777049132932,0.17606968526591196,0,0,-0.17606968526591196,0.9843777049132932,0,0,0,0,1]},{"memory":[1,0,0,0,0,0.9430097457775879,0.33276511140516085,0,0,-0.33276511140516085,0.9430097457775879,0,0,0,0,1]},{"memory":[1,0,0,0,0,0.9965907883581763,-0.08250333665754839,0,0,0.08250333665754839,0.9965907883581763,0,0,0,0,1]},{"memory":[1,0,0,0,0,0.9701763201281379,-0.24240030499697157,0,0,0.24240030499697157,0.9701763201281379,0,0,0,0,1]},{"memory":[1,0,0,0,0,0.9182803992139033,-0.3959306863827992,0,0,0.3959306863827992,0.9182803992139033,0,0,0,0,1]},{"memory":[1,0,0,0,0,0.988704618186669,0.14987720966295387,0,0,-0.14987720966295387,0.988704618186669,0,0,0,0,1]},{"memory":[1,0,0,0,0,0.9515107364877663,0.3076155365850505,0,0,-0.3076155365850505,0.9515107364877663,0,0,0,0,1]},{"memory":[1,0,0,0,0,0.9984296673038494,-0.05601963448224765,0,0,0.05601963448224765,0.9984296673038494,0,0,0,0,1]},{"memory":[1,0,0,0,0,0.9762689924851886,-0.21656143311299608,0,0,0.21656143311299608,0.9762689924851886,0,0,0,0,1]},{"memory":[1,0,0,0,0,0.9284668423769911,-0.37141529667812495,0,0,0.37141529667812495,0.9284668423769911,0,0,0,0,1]},{"memory":[1,0,0,0,0,0.9923347241265185,0.12357910540518773,0,0,-0.12357910540518773,0.9923347241265185,0,0,0,0,1]},{"memory":[1,0,0,0,0,0.9593411329204247,0.282249164191776,0,0,-0.282249164191776,0.9593411329204247,0,0,0,0,1]},{"memory":[1,0,0,0,0,0.9995648850130012,-0.02949645146361852,0,0,0.02949645146361852,0.9995648850130012,0,0,0,0,1]},{"memory":[1,0,0,0,0,0.9816736217392288,-0.19056993567030836,0,0,0.19056993567030836,0.9816736217392288,0,0,0,0,1]},{"memory":[1,0,0,0,0,0.9379989318607255,-0.3466381453737286,0,0,0.3466381453737286,0.9379989318607255,0,0,0,0,1]},{"memory":[1,0,0,0,0,0.9952654643504958,0.09719390655381595,0,0,-0.09719390655381595,0.9952654643504958,0,0,0,0,1]}]},{"id":8,"translation":{"memory":[0,0,0,0]},"rotationRad":{"memory":[0,0,0,0]},"scale":{"memory":[1,1,1,1]},"name":"Left Foot","positionArray":[{"memory":[0,-425,50,1]},{"memory":[0,-75,50,1]},{"memory":[-100,-75,50,1]},{"memory":[0,-425,50,1]},{"memory":[-100,-75,50,1]},{"memory":[-100,-425,50,1]},{"memory":[0,-425,50,1]},{"memory":[0,-425,-50,1]},{"memory":[0,-75,-50,1]},{"memory":[0,-425,50,1]},{"memory":[0,-75,-50,1]},{"memory":[0,-75,50,1]},{"memory":[0,-425,-50,1]},{"memory":[-100,-425,-50,1]},{"memory":[-100,-75,-50,1]},{"memory":[0,-425,-50,1]},{"memory":[-100,-75,-50,1]},{"memory":[0,-75,-50,1]},{"memory":[-100,-425,-50,1]},{"memory":[-100,-425,50,1]},{"memory":[-100,-75,50,1]},{"memory":[-100,-425,-50,1]},{"memory":[-100,-75,50,1]},{"memory":[-100,-75,-50,1]},{"memory":[0,-75,50,1]},{"memory":[0,-75,-50,1]},{"memory":[-100,-75,-50,1]},{"memory":[0,-75,50,1]},{"memory":[-100,-75,-50,1]},{"memory":[-100,-75,50,1]},{"memory":[0,-425,-50,1]},{"memory":[0,-425,50,1]},{"memory":[-100,-425,50,1]},{"memory":[0,-425,-50,1]},{"memory":[-100,-425,50,1]},{"memory":[-100,-425,-50,1]}],"texCoordArray":[{"memory":[0.06349206349206349,0.49206349206349204]},{"memory":[0.1111111111111111,0.31746031746031744]},{"memory":[0.06349206349206349,0.31746031746031744]},{"memory":[0.06349206349206349,0.49206349206349204]},{"memory":[0.06349206349206349,0.31746031746031744]},{"memory":[0.06349206349206349,0.49206349206349204]},{"memory":[0.06349206349206349,0.49206349206349204]},{"memory":[0.06349206349206349,0.49206349206349204]},{"memory":[0.1111111111111111,0.31746031746031744]},{"memory":[0.06349206349206349,0.49206349206349204]},{"memory":[0.1111111111111111,0.31746031746031744]},{"memory":[0.06349206349206349,0.31746031746031744]},{"memory":[0.06349206349206349,0.49206349206349204]},{"memory":[0.06349206349206349,0.49206349206349204]},{"memory":[0.1111111111111111,0.31746031746031744]},{"memory":[0.06349206349206349,0.49206349206349204]},{"memory":[0.1111111111111111,0.31746031746031744]},{"memory":[0.06349206349206349,0.31746031746031744]},{"memory":[0.06349206349206349,0.49206349206349204]},{"memory":[0.06349206349206349,0.49206349206349204]},{"memory":[0.1111111111111111,0.31746031746031744]},{"memory":[0.06349206349206349,0.49206349206349204]},{"memory":[0.1111111111111111,0.31746031746031744]},{"memory":[0.06349206349206349,0.31746031746031744]},{"memory":[0.1111111111111111,0.25396825396825395]},{"memory":[0.06349206349206349,0.25396825396825395]},{"memory":[0.06349206349206349,0.30158730158730157]},{"memory":[0.1111111111111111,0.25396825396825395]},{"memory":[0.06349206349206349,0.30158730158730157]},{"memory":[0.1111111111111111,0.30158730158730157]},{"memory":[0.12698412698412698,0.30158730158730157]},{"memory":[0.12698412698412698,0.25396825396825395]},{"memory":[0.1746031746031746,0.25396825396825395]},{"memory":[0.12698412698412698,0.30158730158730157]},{"memory":[0.1746031746031746,0.25396825396825395]},{"memory":[0.1746031746031746,0.30158730158730157]}],"animationMatrix":[{"memory":[1,0,0,0,0,1,0,0,0,0,1,0,0,0,0,1]},{"memory":[1,0,0,0,0,0.9868676176919929,-0.16153112749848106,0,0,0.16153112749848106,0.9868676176919929,0,0,0,0,1]},{"memory":[1,0,0,0,0,0.9478153896981389,-0.3188196779550551,0,0,0.3188196779550551,0.9478153896981389,0,0,0,0,1]},{"memory":[1,0,0,0,0,0.9976992847781387,0.06779481656579929,0,0,-0.06779481656579929,0.9976992847781387,0,0,0,0,1]},{"memory":[1,0,0,0,0,0.9736461431835808,0.2280639994907969,0,0,-0.2280639994907969,0.9736461431835808,0,0,0,0,1]},{"memory":[1,0,0,0,0,0.9240204148190159,0.3823431351517819,0,0,-0.3823431351517819,0.9240204148190159,0,0,0,0,1]},{"memory":[1,0,0,0,0,0.9908077256936193,-0.1352776799987261,0,0,0.1352776799987261,0.9908077256936193,0,0,0,0,1]},{"memory":[1,0,0,0,0,0.9559445036705106,-0.29354745085273865,0,0,0.29354745085273865,0.9559445036705106,0,0,0,0,1]},{"memory":[1,0,0,0,0,0.9991473335695232,0.04128687225876863,0,0,-0.04128687225876863,0.9991473335695232,0,0,0,0,1]},{"memory":[1,0,0,0,0,0.9793570337762177,0.20213807259655067,0,0,-0.20213807259655067,0.9793570337762177,0,0,0,0,1]},{"memory":[1,0,0,0,0,0.9338441520157419,0.3576801640376495,0,0,-0.3576801640376495,0.9338441520157419,0,0,0,0,1]},{"memory":[1,0,0,0,0,0.994049544158939,-0.10892889312485314,0,0,0.10892889312485314,0.994049544158939,0,0,0,0,1]},{"memory":[1,0,0,0,0,0.9633998985883245,-0.26806834091329407,0,0,0.26806834091329407,0.9633998985883245,0,0,0,0,1]},{"memory":[1,0,0,0,0,0.9998912153361987,0.014749830287138171,0,0,-0.014749830287138171,0.9998912153361987,0,0,0,0,1]},{"memory":[1,0,0,0,0,0.9843777049132932,0.17606968526591196,0,0,-0.17606968526591196,0.9843777049132932,0,0,0,0,1]},{"memory":[1,0,0,0,0,0.9430097457775879,0.33276511140516085,0,0,-0.33276511140516085,0.9430097457775879,0,0,0,0,1]},{"memory":[1,0,0,0,0,0.9965907883581763,-0.08250333665754839,0,0,0.08250333665754839,0.9965907883581763,0,0,0,0,1]},{"memory":[1,0,0,0,0,0.9701763201281379,-0.24240030499697157,0,0,0.24240030499697157,0.9701763201281379,0,0,0,0,1]},{"memory":[1,0,0,0,0,0.9182803992139033,-0.3959306863827992,0,0,0.3959306863827992,0.9182803992139033,0,0,0,0,1]},{"memory":[1,0,0,0,0,0.988704618186669,0.14987720966295387,0,0,-0.14987720966295387,0.988704618186669,0,0,0,0,1]},{"memory":[1,0,0,0,0,0.9515107364877663,0.3076155365850505,0,0,-0.3076155365850505,0.9515107364877663,0,0,0,0,1]},{"memory":[1,0,0,0,0,0.9984296673038494,-0.05601963448224765,0,0,0.05601963448224765,0.9984296673038494,0,0,0,0,1]},{"memory":[1,0,0,0,0,0.9762689924851886,-0.21656143311299608,0,0,0.21656143311299608,0.9762689924851886,0,0,0,0,1]},{"memory":[1,0,0,0,0,0.9284668423769911,-0.37141529667812495,0,0,0.37141529667812495,0.9284668423769911,0,0,0,0,1]},{"memory":[1,0,0,0,0,0.9923347241265185,0.12357910540518773,0,0,-0.12357910540518773,0.9923347241265185,0,0,0,0,1]},{"memory":[1,0,0,0,0,0.9593411329204247,0.282249164191776,0,0,-0.282249164191776,0.9593411329204247,0,0,0,0,1]},{"memory":[1,0,0,0,0,0.9995648850130012,-0.02949645146361852,0,0,0.02949645146361852,0.9995648850130012,0,0,0,0,1]},{"memory":[1,0,0,0,0,0.9816736217392288,-0.19056993567030836,0,0,0.19056993567030836,0.9816736217392288,0,0,0,0,1]},{"memory":[1,0,0,0,0,0.9379989318607255,-0.3466381453737286,0,0,0.3466381453737286,0.9379989318607255,0,0,0,0,1]},{"memory":[1,0,0,0,0,0.9952654643504958,0.09719390655381595,0,0,-0.09719390655381595,0.9952654643504958,0,0,0,0,1]}]},{"id":9,"translation":{"memory":[0,0,0,0]},"rotationRad":{"memory":[0,0,0,0]},"scale":{"memory":[1,1,1,1]},"name":"Right Foot","positionArray":[{"memory":[100,-425,50,1]},{"memory":[100,-75,50,1]},{"memory":[0,-75,50,1]},{"memory":[100,-425,50,1]},{"memory":[0,-75,50,1]},{"memory":[0,-425,50,1]},{"memory":[100,-425,50,1]},{"memory":[100,-425,-50,1]},{"memory":[100,-75,-50,1]},{"memory":[100,-425,50,1]},{"memory":[100,-75,-50,1]},{"memory":[100,-75,50,1]},{"memory":[100,-425,-50,1]},{"memory":[0,-425,-50,1]},{"memory":[0,-75,-50,1]},{"memory":[100,-425,-50,1]},{"memory":[0,-75,-50,1]},{"memory":[100,-75,-50,1]},{"memory":[0,-425,-50,1]},{"memory":[0,-425,50,1]},{"memory":[0,-75,50,1]},{"memory":[0,-425,-50,1]},{"memory":[0,-75,50,1]},{"memory":[0,-75,-50,1]},{"memory":[100,-75,50,1]},{"memory":[100,-75,-50,1]},{"memory":[0,-75,-50,1]},{"memory":[100,-75,50,1]},{"memory":[0,-75,-50,1]},{"memory":[0,-75,50,1]},{"memory":[100,-425,-50,1]},{"memory":[100,-425,50,1]},{"memory":[0,-425,50,1]},{"memory":[100,-425,-50,1]},{"memory":[0,-425,50,1]},{"memory":[0,-425,-50,1]}],"texCoordArray":[{"memory":[0.06349206349206349,0.49206349206349204]},{"memory":[0.1111111111111111,0.31746031746031744]},{"memory":[0.06349206349206349,0.31746031746031744]},{"memory":[0.06349206349206349,0.49206349206349204]},{"memory":[0.06349206349206349,0.31746031746031744]},{"memory":[0.06349206349206349,0.49206349206349204]},{"memory":[0.06349206349206349,0.49206349206349204]},{"memory":[0.06349206349206349,0.49206349206349204]},{"memory":[0.1111111111111111,0.31746031746031744]},{"memory":[0.06349206349206349,0.49206349206349204]},{"memory":[0.1111111111111111,0.31746031746031744]},{"memory":[0.06349206349206349,0.31746031746031744]},{"memory":[0.06349206349206349,0.49206349206349204]},{"memory":[0.06349206349206349,0.49206349206349204]},{"memory":[0.1111111111111111,0.31746031746031744]},{"memory":[0.06349206349206349,0.49206349206349204]},{"memory":[0.1111111111111111,0.31746031746031744]},{"memory":[0.06349206349206349,0.31746031746031744]},{"memory":[0.06349206349206349,0.49206349206349204]},{"memory":[0.06349206349206349,0.49206349206349204]},{"memory":[0.1111111111111111,0.31746031746031744]},{"memory":[0.06349206349206349,0.49206349206349204]},{"memory":[0.1111111111111111,0.31746031746031744]},{"memory":[0.06349206349206349,0.31746031746031744]},{"memory":[0.1111111111111111,0.25396825396825395]},{"memory":[0.06349206349206349,0.25396825396825395]},{"memory":[0.06349206349206349,0.30158730158730157]},{"memory":[0.1111111111111111,0.25396825396825395]},{"memory":[0.06349206349206349,0.30158730158730157]},{"memory":[0.1111111111111111,0.30158730158730157]},{"memory":[0.12698412698412698,0.30158730158730157]},{"memory":[0.12698412698412698,0.25396825396825395]},{"memory":[0.1746031746031746,0.25396825396825395]},{"memory":[0.12698412698412698,0.30158730158730157]},{"memory":[0.1746031746031746,0.25396825396825395]},{"memory":[0.1746031746031746,0.30158730158730157]}],"animationMatrix":[{"memory":[1,0,0,0,0,1,0,0,0,0,1,0,0,0,0,1]},{"memory":[1,0,0,0,0,0.9868676176919929,0.16153112749848106,0,0,-0.16153112749848106,0.9868676176919929,0,0,0,0,1]},{"memory":[1,0,0,0,0,0.9478153896981389,0.3188196779550551,0,0,-0.3188196779550551,0.9478153896981389,0,0,0,0,1]},{"memory":[1,0,0,0,0,0.9976992847781387,-0.06779481656579929,0,0,0.06779481656579929,0.9976992847781387,0,0,0,0,1]},{"memory":[1,0,0,0,0,0.9736461431835808,-0.2280639994907969,0,0,0.2280639994907969,0.9736461431835808,0,0,0,0,1]},{"memory":[1,0,0,0,0,0.9240204148190159,-0.3823431351517819,0,0,0.3823431351517819,0.9240204148190159,0,0,0,0,1]},{"memory":[1,0,0,0,0,0.9908077256936193,0.1352776799987261,0,0,-0.1352776799987261,0.9908077256936193,0,0,0,0,1]},{"memory":[1,0,0,0,0,0.9559445036705106,0.29354745085273865,0,0,-0.29354745085273865,0.9559445036705106,0,0,0,0,1]},{"memory":[1,0,0,0,0,0.9991473335695232,-0.04128687225876863,0,0,0.04128687225876863,0.9991473335695232,0,0,0,0,1]},{"memory":[1,0,0,0,0,0.9793570337762177,-0.20213807259655067,0,0,0.20213807259655067,0.9793570337762177,0,0,0,0,1]},{"memory":[1,0,0,0,0,0.9338441520157419,-0.3576801640376495,0,0,0.3576801640376495,0.9338441520157419,0,0,0,0,1]},{"memory":[1,0,0,0,0,0.994049544158939,0.10892889312485314,0,0,-0.10892889312485314,0.994049544158939,0,0,0,0,1]},{"memory":[1,0,0,0,0,0.9633998985883245,0.26806834091329407,0,0,-0.26806834091329407,0.9633998985883245,0,0,0,0,1]},{"memory":[1,0,0,0,0,0.9998912153361987,-0.014749830287138171,0,0,0.014749830287138171,0.9998912153361987,0,0,0,0,1]},{"memory":[1,0,0,0,0,0.9843777049132932,-0.17606968526591196,0,0,0.17606968526591196,0.9843777049132932,0,0,0,0,1]},{"memory":[1,0,0,0,0,0.9430097457775879,-0.33276511140516085,0,0,0.33276511140516085,0.9430097457775879,0,0,0,0,1]},{"memory":[1,0,0,0,0,0.9965907883581763,0.08250333665754839,0,0,-0.08250333665754839,0.9965907883581763,0,0,0,0,1]},{"memory":[1,0,0,0,0,0.9701763201281379,0.24240030499697157,0,0,-0.24240030499697157,0.9701763201281379,0,0,0,0,1]},{"memory":[1,0,0,0,0,0.9182803992139033,0.3959306863827992,0,0,-0.3959306863827992,0.9182803992139033,0,0,0,0,1]},{"memory":[1,0,0,0,0,0.988704618186669,-0.14987720966295387,0,0,0.14987720966295387,0.988704618186669,0,0,0,0,1]},{"memory":[1,0,0,0,0,0.9515107364877663,-0.3076155365850505,0,0,0.3076155365850505,0.9515107364877663,0,0,0,0,1]},{"memory":[1,0,0,0,0,0.9984296673038494,0.05601963448224765,0,0,-0.05601963448224765,0.9984296673038494,0,0,0,0,1]},{"memory":[1,0,0,0,0,0.9762689924851886,0.21656143311299608,0,0,-0.21656143311299608,0.9762689924851886,0,0,0,0,1]},{"memory":[1,0,0,0,0,0.9284668423769911,0.37141529667812495,0,0,-0.37141529667812495,0.9284668423769911,0,0,0,0,1]},{"memory":[1,0,0,0,0,0.9923347241265185,-0.12357910540518773,0,0,0.12357910540518773,0.9923347241265185,0,0,0,0,1]},{"memory":[1,0,0,0,0,0.9593411329204247,-0.282249164191776,0,0,0.282249164191776,0.9593411329204247,0,0,0,0,1]},{"memory":[1,0,0,0,0,0.9995648850130012,0.02949645146361852,0,0,-0.02949645146361852,0.9995648850130012,0,0,0,0,1]},{"memory":[1,0,0,0,0,0.9816736217392288,0.19056993567030836,0,0,-0.19056993567030836,0.9816736217392288,0,0,0,0,1]},{"memory":[1,0,0,0,0,0.9379989318607255,0.3466381453737286,0,0,-0.3466381453737286,0.9379989318607255,0,0,0,0,1]},{"memory":[1,0,0,0,0,0.9952654643504958,-0.09719390655381595,0,0,0.09719390655381595,0.9952654643504958,0,0,0,0,1]}]}],"positionArray":[{"memory":[100,-75,50,1]},{"memory":[100,225,50,1]},{"memory":[-100,225,50,1]},{"memory":[100,-75,50,1]},{"memory":[-100,225,50,1]},{"memory":[-100,-75,50,1]},{"memory":[100,-75,50,1]},{"memory":[100,-75,-50,1]},{"memory":[100,225,-50,1]},{"memory":[100,-75,50,1]},{"memory":[100,225,-50,1]},{"memory":[100,225,50,1]},{"memory":[100,-75,-50,1]},{"memory":[-100,-75,-50,1]},{"memory":[-100,225,-50,1]},{"memory":[100,-75,-50,1]},{"memory":[-100,225,-50,1]},{"memory":[100,225,-50,1]},{"memory":[-100,-75,-50,1]},{"memory":[-100,-75,50,1]},{"memory":[-100,225,50,1]},{"memory":[-100,-75,-50,1]},{"memory":[-100,225,50,1]},{"memory":[-100,225,-50,1]},{"memory":[100,225,50,1]},{"memory":[100,225,-50,1]},{"memory":[-100,225,-50,1]},{"memory":[100,225,50,1]},{"memory":[-100,225,-50,1]},{"memory":[-100,225,50,1]},{"memory":[100,-75,-50,1]},{"memory":[100,-75,50,1]},{"memory":[-100,-75,50,1]},{"memory":[100,-75,-50,1]},{"memory":[-100,-75,50,1]},{"memory":[-100,-75,-50,1]}],"texCoordArray":[{"memory":[0.42857142857142855,0.49206349206349204]},{"memory":[0.42857142857142855,0.31746031746031744]},{"memory":[0.31746031746031744,0.31746031746031744]},{"memory":[0.42857142857142855,0.49206349206349204]},{"memory":[0.31746031746031744,0.31746031746031744]},{"memory":[0.31746031746031744,0.49206349206349204]},{"memory":[0.4444444444444444,0.49206349206349204]},{"memory":[0.49206349206349204,0.49206349206349204]},{"memory":[0.49206349206349204,0.31746031746031744]},{"memory":[0.4444444444444444,0.49206349206349204]},{"memory":[0.49206349206349204,0.31746031746031744]},{"memory":[0.4444444444444444,0.31746031746031744]},{"memory":[0.5079365079365079,0.49206349206349204]},{"memory":[0.6190476190476191,0.49206349206349204]},{"memory":[0.6190476190476191,0.31746031746031744]},{"memory":[0.5079365079365079,0.49206349206349204]},{"memory":[0.6190476190476191,0.31746031746031744]},{"memory":[0.5079365079365079,0.31746031746031744]},{"memory":[0.25396825396825395,0.49206349206349204]},{"memory":[0.30158730158730157,0.49206349206349204]},{"memory":[0.30158730158730157,0.31746031746031744]},{"memory":[0.25396825396825395,0.49206349206349204]},{"memory":[0.30158730158730157,0.31746031746031744]},{"memory":[0.25396825396825395,0.31746031746031744]},{"memory":[0.42857142857142855,0.25396825396825395]},{"memory":[0.31746031746031744,0.25396825396825395]},{"memory":[0.31746031746031744,0.30158730158730157]},{"memory":[0.42857142857142855,0.25396825396825395]},{"memory":[0.31746031746031744,0.30158730158730157]},{"memory":[0.42857142857142855,0.30158730158730157]},{"memory":[0.4444444444444444,0.30158730158730157]},{"memory":[0.4444444444444444,0.25396825396825395]},{"memory":[0.5555555555555556,0.25396825396825395]},{"memory":[0.4444444444444444,0.30158730158730157]},{"memory":[0.5555555555555556,0.25396825396825395]},{"memory":[0.5555555555555556,0.30158730158730157]}]}],"texturePath":"http://localhost:9100/static/steve.png"}